 % the field is all
% Dinn5 settings , t1, t2, t3, t4, tm, tp, eps, step, IntLimit
%   0.781250E-001  0.781250E-001  0.781250E-001  0.447284E+000  0.200000E-001  0.000000E+000  0.100000E-005  0.100000E-001  0.100000E+006
% 1)psi, 2) R, 3) x, 4) z, 5) re(u), 6) im(u), 7) abs(u), 8) re(w), 9) im(w), 10) abs(w), 11) fieldCode, 12) cp(1), 13) cp(2), 14) cs(1), 15) cs(2), 16) rho(1), 17) rho(2), 18) h, 19) w
  0.449427E+003  0.100005E+002  0.100000E+000  0.000000E+000  0.178758E-005  0.133889E-004  0.135077E-004 -0.108845E-002  0.690094E-003  0.128878E-002  0.000000E+000  0.640000E+001  0.472000E+001  0.313000E+001  0.379000E+001  0.893000E+001  0.269000E+001  0.500000E+001  0.100000E+001
  0.448854E+003  0.100020E+002  0.200000E+000  0.000000E+000  0.356088E-005  0.267668E-004  0.270026E-004 -0.108849E-002  0.688770E-003  0.128811E-002  0.000000E+000  0.640000E+001  0.472000E+001  0.313000E+001  0.379000E+001  0.893000E+001  0.269000E+001  0.500000E+001  0.100000E+001
  0.448282E+003  0.100045E+002  0.300000E+000  0.000000E+000  0.530567E-005  0.401227E-004  0.404720E-004 -0.108856E-002  0.686565E-003  0.128698E-002  0.000000E+000  0.640000E+001  0.472000E+001  0.313000E+001  0.379000E+001  0.893000E+001  0.269000E+001  0.500000E+001  0.100000E+001
  0.447709E+003  0.100080E+002  0.400000E+000  0.000000E+000  0.700781E-005  0.534456E-004  0.539030E-004 -0.108864E-002  0.683481E-003  0.128541E-002  0.000000E+000  0.640000E+001  0.472000E+001  0.313000E+001  0.379000E+001  0.893000E+001  0.269000E+001  0.500000E+001  0.100000E+001
  0.447138E+003  0.100125E+002  0.500000E+000  0.000000E+000  0.865329E-005  0.667245E-004  0.672832E-004 -0.108875E-002  0.679522E-003  0.128340E-002  0.000000E+000  0.640000E+001  0.472000E+001  0.313000E+001  0.379000E+001  0.893000E+001  0.269000E+001  0.500000E+001  0.100000E+001
  0.446566E+003  0.100180E+002  0.600000E+000  0.000000E+000  0.102282E-004  0.799485E-004  0.806001E-004 -0.108886E-002  0.674694E-003  0.128095E-002  0.000000E+000  0.640000E+001  0.472000E+001  0.313000E+001  0.379000E+001  0.893000E+001  0.269000E+001  0.500000E+001  0.100000E+001
  0.445996E+003  0.100245E+002  0.700000E+000  0.000000E+000  0.117191E-004  0.931068E-004  0.938414E-004 -0.108899E-002  0.669002E-003  0.127807E-002  0.000000E+000  0.640000E+001  0.472000E+001  0.313000E+001  0.379000E+001  0.893000E+001  0.269000E+001  0.500000E+001  0.100000E+001
  0.445426E+003  0.100319E+002  0.800000E+000  0.000000E+000  0.131124E-004  0.106188E-003  0.106995E-003 -0.108911E-002  0.662454E-003  0.127476E-002  0.000000E+000  0.640000E+001  0.472000E+001  0.313000E+001  0.379000E+001  0.893000E+001  0.269000E+001  0.500000E+001  0.100000E+001
  0.444857E+003  0.100404E+002  0.900000E+000  0.000000E+000  0.143951E-004  0.119183E-003  0.120049E-003 -0.108922E-002  0.655056E-003  0.127102E-002  0.000000E+000  0.640000E+001  0.472000E+001  0.313000E+001  0.379000E+001  0.893000E+001  0.269000E+001  0.500000E+001  0.100000E+001
  0.444289E+003  0.100499E+002  0.100000E+001  0.000000E+000  0.155544E-004  0.132079E-003  0.132992E-003 -0.108932E-002  0.646818E-003  0.126688E-002  0.000000E+000  0.640000E+001  0.472000E+001  0.313000E+001  0.379000E+001  0.893000E+001  0.269000E+001  0.500000E+001  0.100000E+001
  0.443723E+003  0.100603E+002  0.110000E+001  0.000000E+000  0.165780E-004  0.144867E-003  0.145812E-003 -0.108938E-002  0.637751E-003  0.126233E-002  0.000000E+000  0.640000E+001  0.472000E+001  0.313000E+001  0.379000E+001  0.893000E+001  0.269000E+001  0.500000E+001  0.100000E+001
  0.443157E+003  0.100717E+002  0.120000E+001  0.000000E+000  0.174539E-004  0.157536E-003  0.158500E-003 -0.108940E-002  0.627865E-003  0.125739E-002  0.000000E+000  0.640000E+001  0.472000E+001  0.313000E+001  0.379000E+001  0.893000E+001  0.269000E+001  0.500000E+001  0.100000E+001
  0.442593E+003  0.100841E+002  0.130000E+001  0.000000E+000  0.181705E-004  0.170075E-003  0.171043E-003 -0.108938E-002  0.617173E-003  0.125206E-002  0.000000E+000  0.640000E+001  0.472000E+001  0.313000E+001  0.379000E+001  0.893000E+001  0.269000E+001  0.500000E+001  0.100000E+001
  0.442030E+003  0.100975E+002  0.140000E+001  0.000000E+000  0.187168E-004  0.182474E-003  0.183432E-003 -0.108928E-002  0.605687E-003  0.124635E-002  0.000000E+000  0.640000E+001  0.472000E+001  0.313000E+001  0.379000E+001  0.893000E+001  0.269000E+001  0.500000E+001  0.100000E+001
  0.441469E+003  0.101119E+002  0.150000E+001  0.000000E+000  0.190822E-004  0.194724E-003  0.195656E-003 -0.108911E-002  0.593422E-003  0.124028E-002  0.000000E+000  0.640000E+001  0.472000E+001  0.313000E+001  0.379000E+001  0.893000E+001  0.269000E+001  0.500000E+001  0.100000E+001
  0.440910E+003  0.101272E+002  0.160000E+001  0.000000E+000  0.192566E-004  0.206813E-003  0.207708E-003 -0.108884E-002  0.580393E-003  0.123386E-002  0.000000E+000  0.640000E+001  0.472000E+001  0.313000E+001  0.379000E+001  0.893000E+001  0.269000E+001  0.500000E+001  0.100000E+001
  0.440352E+003  0.101435E+002  0.170000E+001  0.000000E+000  0.192306E-004  0.218733E-003  0.219577E-003 -0.108846E-002  0.566615E-003  0.122711E-002  0.000000E+000  0.640000E+001  0.472000E+001  0.313000E+001  0.379000E+001  0.893000E+001  0.269000E+001  0.500000E+001  0.100000E+001
  0.439796E+003  0.101607E+002  0.180000E+001  0.000000E+000  0.189952E-004  0.230473E-003  0.231254E-003 -0.108795E-002  0.552105E-003  0.122003E-002  0.000000E+000  0.640000E+001  0.472000E+001  0.313000E+001  0.379000E+001  0.893000E+001  0.269000E+001  0.500000E+001  0.100000E+001
  0.439242E+003  0.101789E+002  0.190000E+001  0.000000E+000  0.185420E-004  0.242023E-003  0.242733E-003 -0.108731E-002  0.536883E-003  0.121263E-002  0.000000E+000  0.640000E+001  0.472000E+001  0.313000E+001  0.379000E+001  0.893000E+001  0.269000E+001  0.500000E+001  0.100000E+001
  0.438690E+003  0.101980E+002  0.200000E+001  0.000000E+000  0.178634E-004  0.253375E-003  0.254004E-003 -0.108650E-002  0.520965E-003  0.120494E-002  0.000000E+000  0.640000E+001  0.472000E+001  0.313000E+001  0.379000E+001  0.893000E+001  0.269000E+001  0.500000E+001  0.100000E+001
  0.438140E+003  0.102181E+002  0.210000E+001  0.000000E+000  0.169523E-004  0.264520E-003  0.265062E-003 -0.108552E-002  0.504371E-003  0.119697E-002  0.000000E+000  0.640000E+001  0.472000E+001  0.313000E+001  0.379000E+001  0.893000E+001  0.269000E+001  0.500000E+001  0.100000E+001
  0.437593E+003  0.102391E+002  0.220000E+001  0.000000E+000  0.158022E-004  0.275447E-003  0.275900E-003 -0.108434E-002  0.487123E-003  0.118873E-002  0.000000E+000  0.640000E+001  0.472000E+001  0.313000E+001  0.379000E+001  0.893000E+001  0.269000E+001  0.500000E+001  0.100000E+001
  0.437047E+003  0.102611E+002  0.230000E+001  0.000000E+000  0.144074E-004  0.286148E-003  0.286510E-003 -0.108295E-002  0.469240E-003  0.118024E-002  0.000000E+000  0.640000E+001  0.472000E+001  0.313000E+001  0.379000E+001  0.893000E+001  0.269000E+001  0.500000E+001  0.100000E+001
  0.436504E+003  0.102840E+002  0.240000E+001  0.000000E+000  0.127627E-004  0.296614E-003  0.296889E-003 -0.108133E-002  0.450746E-003  0.117151E-002  0.000000E+000  0.640000E+001  0.472000E+001  0.313000E+001  0.379000E+001  0.893000E+001  0.269000E+001  0.500000E+001  0.100000E+001
  0.435964E+003  0.103078E+002  0.250000E+001  0.000000E+000  0.108636E-004  0.306837E-003  0.307030E-003 -0.107946E-002  0.431662E-003  0.116257E-002  0.000000E+000  0.640000E+001  0.472000E+001  0.313000E+001  0.379000E+001  0.893000E+001  0.269000E+001  0.500000E+001  0.100000E+001
  0.435426E+003  0.103325E+002  0.260000E+001  0.000000E+000  0.870641E-005  0.316809E-003  0.316929E-003 -0.107732E-002  0.412013E-003  0.115342E-002  0.000000E+000  0.640000E+001  0.472000E+001  0.313000E+001  0.379000E+001  0.893000E+001  0.269000E+001  0.500000E+001  0.100000E+001
  0.434890E+003  0.103581E+002  0.270000E+001  0.000000E+000  0.628799E-005  0.326521E-003  0.326582E-003 -0.107490E-002  0.391821E-003  0.114408E-002  0.000000E+000  0.640000E+001  0.472000E+001  0.313000E+001  0.379000E+001  0.893000E+001  0.269000E+001  0.500000E+001  0.100000E+001
  0.434358E+003  0.103846E+002  0.280000E+001  0.000000E+000  0.360592E-005  0.335966E-003  0.335985E-003 -0.107217E-002  0.371113E-003  0.113458E-002  0.000000E+000  0.640000E+001  0.472000E+001  0.313000E+001  0.379000E+001  0.893000E+001  0.269000E+001  0.500000E+001  0.100000E+001
  0.433828E+003  0.104120E+002  0.290000E+001  0.000000E+000  0.658450E-006  0.345136E-003  0.345136E-003 -0.106912E-002  0.349914E-003  0.112492E-002  0.000000E+000  0.640000E+001  0.472000E+001  0.313000E+001  0.379000E+001  0.893000E+001  0.269000E+001  0.500000E+001  0.100000E+001
  0.433301E+003  0.104403E+002  0.300000E+001  0.000000E+000 -0.255549E-005  0.354023E-003  0.354032E-003 -0.106572E-002  0.328249E-003  0.111513E-002  0.000000E+000  0.640000E+001  0.472000E+001  0.313000E+001  0.379000E+001  0.893000E+001  0.269000E+001  0.500000E+001  0.100000E+001
  0.432777E+003  0.104695E+002  0.310000E+001  0.000000E+000 -0.603631E-005  0.362620E-003  0.362670E-003 -0.106197E-002  0.306146E-003  0.110521E-002  0.000000E+000  0.640000E+001  0.472000E+001  0.313000E+001  0.379000E+001  0.893000E+001  0.269000E+001  0.500000E+001  0.100000E+001
  0.432255E+003  0.104995E+002  0.320000E+001  0.000000E+000 -0.978376E-005  0.370921E-003  0.371050E-003 -0.105783E-002  0.283632E-003  0.109520E-002  0.000000E+000  0.640000E+001  0.472000E+001  0.313000E+001  0.379000E+001  0.893000E+001  0.269000E+001  0.500000E+001  0.100000E+001
  0.431737E+003  0.105304E+002  0.330000E+001  0.000000E+000 -0.137969E-004  0.378919E-003  0.379170E-003 -0.105331E-002  0.260733E-003  0.108510E-002  0.000000E+000  0.640000E+001  0.472000E+001  0.313000E+001  0.379000E+001  0.893000E+001  0.269000E+001  0.500000E+001  0.100000E+001
  0.431222E+003  0.105622E+002  0.340000E+001  0.000000E+000 -0.180743E-004  0.386607E-003  0.387029E-003 -0.104837E-002  0.237480E-003  0.107493E-002  0.000000E+000  0.640000E+001  0.472000E+001  0.313000E+001  0.379000E+001  0.893000E+001  0.269000E+001  0.500000E+001  0.100000E+001
  0.430710E+003  0.105948E+002  0.350000E+001  0.000000E+000 -0.226137E-004  0.393979E-003  0.394627E-003 -0.104300E-002  0.213900E-003  0.106471E-002  0.000000E+000  0.640000E+001  0.472000E+001  0.313000E+001  0.379000E+001  0.893000E+001  0.269000E+001  0.500000E+001  0.100000E+001
  0.430201E+003  0.106283E+002  0.360000E+001  0.000000E+000 -0.274124E-004  0.401029E-003  0.401965E-003 -0.103719E-002  0.190022E-003  0.105445E-002  0.000000E+000  0.640000E+001  0.472000E+001  0.313000E+001  0.379000E+001  0.893000E+001  0.269000E+001  0.500000E+001  0.100000E+001
  0.429696E+003  0.106626E+002  0.370000E+001  0.000000E+000 -0.324669E-004  0.407752E-003  0.409043E-003 -0.103091E-002  0.165876E-003  0.104417E-002  0.000000E+000  0.640000E+001  0.472000E+001  0.313000E+001  0.379000E+001  0.893000E+001  0.269000E+001  0.500000E+001  0.100000E+001
  0.429193E+003  0.106977E+002  0.380000E+001  0.000000E+000 -0.377733E-004  0.414143E-003  0.415862E-003 -0.102416E-002  0.141492E-003  0.103389E-002  0.000000E+000  0.640000E+001  0.472000E+001  0.313000E+001  0.379000E+001  0.893000E+001  0.269000E+001  0.500000E+001  0.100000E+001
  0.428694E+003  0.107336E+002  0.390000E+001  0.000000E+000 -0.433271E-004  0.420195E-003  0.422423E-003 -0.101693E-002  0.116900E-003  0.102362E-002  0.000000E+000  0.640000E+001  0.472000E+001  0.313000E+001  0.379000E+001  0.893000E+001  0.269000E+001  0.500000E+001  0.100000E+001
  0.428199E+003  0.107703E+002  0.400000E+001  0.000000E+000 -0.491232E-004  0.425906E-003  0.428729E-003 -0.100919E-002  0.921301E-004  0.101338E-002  0.000000E+000  0.640000E+001  0.472000E+001  0.313000E+001  0.379000E+001  0.893000E+001  0.269000E+001  0.500000E+001  0.100000E+001
  0.427706E+003  0.108079E+002  0.410000E+001  0.000000E+000 -0.551561E-004  0.431269E-003  0.434782E-003 -0.100093E-002  0.672135E-004  0.100319E-002  0.000000E+000  0.640000E+001  0.472000E+001  0.313000E+001  0.379000E+001  0.893000E+001  0.269000E+001  0.500000E+001  0.100000E+001
  0.427218E+003  0.108462E+002  0.420000E+001  0.000000E+000 -0.614196E-004  0.436281E-003  0.440583E-003 -0.992150E-003  0.421809E-004  0.993047E-003  0.000000E+000  0.640000E+001  0.472000E+001  0.313000E+001  0.379000E+001  0.893000E+001  0.269000E+001  0.500000E+001  0.100000E+001
  0.426732E+003  0.108853E+002  0.430000E+001  0.000000E+000 -0.679072E-004  0.440939E-003  0.446137E-003 -0.982831E-003  0.170633E-004  0.982979E-003  0.000000E+000  0.640000E+001  0.472000E+001  0.313000E+001  0.379000E+001  0.893000E+001  0.269000E+001  0.500000E+001  0.100000E+001
  0.426251E+003  0.109252E+002  0.440000E+001  0.000000E+000 -0.746117E-004  0.445237E-003  0.451446E-003 -0.972963E-003 -0.810805E-005  0.972997E-003  0.000000E+000  0.640000E+001  0.472000E+001  0.313000E+001  0.379000E+001  0.893000E+001  0.269000E+001  0.500000E+001  0.100000E+001
  0.425772E+003  0.109659E+002  0.450000E+001  0.000000E+000 -0.815258E-004  0.449174E-003  0.456513E-003 -0.962538E-003 -0.333018E-004  0.963114E-003  0.000000E+000  0.640000E+001  0.472000E+001  0.313000E+001  0.379000E+001  0.893000E+001  0.269000E+001  0.500000E+001  0.100000E+001
  0.425298E+003  0.110073E+002  0.460000E+001  0.000000E+000 -0.886415E-004  0.452746E-003  0.461342E-003 -0.951549E-003 -0.584867E-004  0.953344E-003  0.000000E+000  0.640000E+001  0.472000E+001  0.313000E+001  0.379000E+001  0.893000E+001  0.269000E+001  0.500000E+001  0.100000E+001
  0.424826E+003  0.110494E+002  0.470000E+001  0.000000E+000 -0.959504E-004  0.455951E-003  0.465937E-003 -0.939986E-003 -0.836314E-004  0.943699E-003  0.000000E+000  0.640000E+001  0.472000E+001  0.313000E+001  0.379000E+001  0.893000E+001  0.269000E+001  0.500000E+001  0.100000E+001
  0.424359E+003  0.110923E+002  0.480000E+001  0.000000E+000 -0.103444E-003  0.458785E-003  0.470303E-003 -0.927845E-003 -0.108704E-003  0.934191E-003  0.000000E+000  0.640000E+001  0.472000E+001  0.313000E+001  0.379000E+001  0.893000E+001  0.269000E+001  0.500000E+001  0.100000E+001
  0.423895E+003  0.111360E+002  0.490000E+001  0.000000E+000 -0.111113E-003  0.461248E-003  0.474443E-003 -0.915120E-003 -0.133675E-003  0.924832E-003  0.000000E+000  0.640000E+001  0.472000E+001  0.313000E+001  0.379000E+001  0.893000E+001  0.269000E+001  0.500000E+001  0.100000E+001
  0.423435E+003  0.111803E+002  0.500000E+001  0.000000E+000 -0.118949E-003  0.463337E-003  0.478362E-003 -0.901807E-003 -0.158511E-003  0.915632E-003  0.000000E+000  0.640000E+001  0.472000E+001  0.313000E+001  0.379000E+001  0.893000E+001  0.269000E+001  0.500000E+001  0.100000E+001
  0.422978E+003  0.112254E+002  0.510000E+001  0.000000E+000 -0.126941E-003  0.465051E-003  0.482065E-003 -0.887903E-003 -0.183181E-003  0.906602E-003  0.000000E+000  0.640000E+001  0.472000E+001  0.313000E+001  0.379000E+001  0.893000E+001  0.269000E+001  0.500000E+001  0.100000E+001
  0.422526E+003  0.112712E+002  0.520000E+001  0.000000E+000 -0.135079E-003  0.466389E-003  0.485557E-003 -0.873406E-003 -0.207656E-003  0.897753E-003  0.000000E+000  0.640000E+001  0.472000E+001  0.313000E+001  0.379000E+001  0.893000E+001  0.269000E+001  0.500000E+001  0.100000E+001
  0.422076E+003  0.113177E+002  0.530000E+001  0.000000E+000 -0.143354E-003  0.467350E-003  0.488842E-003 -0.858315E-003 -0.231904E-003  0.889092E-003  0.000000E+000  0.640000E+001  0.472000E+001  0.313000E+001  0.379000E+001  0.893000E+001  0.269000E+001  0.500000E+001  0.100000E+001
  0.421631E+003  0.113649E+002  0.540000E+001  0.000000E+000 -0.151755E-003  0.467934E-003  0.491926E-003 -0.842631E-003 -0.255894E-003  0.880629E-003  0.000000E+000  0.640000E+001  0.472000E+001  0.313000E+001  0.379000E+001  0.893000E+001  0.269000E+001  0.500000E+001  0.100000E+001
  0.421189E+003  0.114127E+002  0.550000E+001  0.000000E+000 -0.160272E-003  0.468139E-003  0.494815E-003 -0.826354E-003 -0.279597E-003  0.872373E-003  0.000000E+000  0.640000E+001  0.472000E+001  0.313000E+001  0.379000E+001  0.893000E+001  0.269000E+001  0.500000E+001  0.100000E+001
  0.420751E+003  0.114612E+002  0.560000E+001  0.000000E+000 -0.168892E-003  0.467968E-003  0.497512E-003 -0.809486E-003 -0.302983E-003  0.864330E-003  0.000000E+000  0.640000E+001  0.472000E+001  0.313000E+001  0.379000E+001  0.893000E+001  0.269000E+001  0.500000E+001  0.100000E+001
  0.420317E+003  0.115104E+002  0.570000E+001  0.000000E+000 -0.177607E-003  0.467419E-003  0.500025E-003 -0.792033E-003 -0.326021E-003  0.856508E-003  0.000000E+000  0.640000E+001  0.472000E+001  0.313000E+001  0.379000E+001  0.893000E+001  0.269000E+001  0.500000E+001  0.100000E+001
  0.419886E+003  0.115603E+002  0.580000E+001  0.000000E+000 -0.186403E-003  0.466494E-003  0.502357E-003 -0.773997E-003 -0.348684E-003  0.848912E-003  0.000000E+000  0.640000E+001  0.472000E+001  0.313000E+001  0.379000E+001  0.893000E+001  0.269000E+001  0.500000E+001  0.100000E+001
  0.419459E+003  0.116108E+002  0.590000E+001  0.000000E+000 -0.195271E-003  0.465194E-003  0.504516E-003 -0.755385E-003 -0.370942E-003  0.841549E-003  0.000000E+000  0.640000E+001  0.472000E+001  0.313000E+001  0.379000E+001  0.893000E+001  0.269000E+001  0.500000E+001  0.100000E+001
  0.419036E+003  0.116619E+002  0.600000E+001  0.000000E+000 -0.204198E-003  0.463520E-003  0.506505E-003 -0.736204E-003 -0.392767E-003  0.834423E-003  0.000000E+000  0.640000E+001  0.472000E+001  0.313000E+001  0.379000E+001  0.893000E+001  0.269000E+001  0.500000E+001  0.100000E+001
  0.418617E+003  0.117137E+002  0.610000E+001  0.000000E+000 -0.213174E-003  0.461474E-003  0.508332E-003 -0.716461E-003 -0.414130E-003  0.827539E-003  0.000000E+000  0.640000E+001  0.472000E+001  0.313000E+001  0.379000E+001  0.893000E+001  0.269000E+001  0.500000E+001  0.100000E+001
  0.418201E+003  0.117661E+002  0.620000E+001  0.000000E+000 -0.222186E-003  0.459058E-003  0.510001E-003 -0.696167E-003 -0.435006E-003  0.820901E-003  0.000000E+000  0.640000E+001  0.472000E+001  0.313000E+001  0.379000E+001  0.893000E+001  0.269000E+001  0.500000E+001  0.100000E+001
  0.417789E+003  0.118191E+002  0.630000E+001  0.000000E+000 -0.231223E-003  0.456274E-003  0.511518E-003 -0.675329E-003 -0.455367E-003  0.814511E-003  0.000000E+000  0.640000E+001  0.472000E+001  0.313000E+001  0.379000E+001  0.893000E+001  0.269000E+001  0.500000E+001  0.100000E+001
  0.417381E+003  0.118727E+002  0.640000E+001  0.000000E+000 -0.240274E-003  0.453126E-003  0.512888E-003 -0.653961E-003 -0.475186E-003  0.808373E-003  0.000000E+000  0.640000E+001  0.472000E+001  0.313000E+001  0.379000E+001  0.893000E+001  0.269000E+001  0.500000E+001  0.100000E+001
  0.416976E+003  0.119269E+002  0.650000E+001  0.000000E+000 -0.249326E-003  0.449615E-003  0.514117E-003 -0.632073E-003 -0.494440E-003  0.802488E-003  0.000000E+000  0.640000E+001  0.472000E+001  0.313000E+001  0.379000E+001  0.893000E+001  0.269000E+001  0.500000E+001  0.100000E+001
  0.416575E+003  0.119817E+002  0.660000E+001  0.000000E+000 -0.258369E-003  0.445745E-003  0.515211E-003 -0.609680E-003 -0.513102E-003  0.796858E-003  0.000000E+000  0.640000E+001  0.472000E+001  0.313000E+001  0.379000E+001  0.893000E+001  0.269000E+001  0.500000E+001  0.100000E+001
  0.416178E+003  0.120370E+002  0.670000E+001  0.000000E+000 -0.267390E-003  0.441519E-003  0.516175E-003 -0.586795E-003 -0.531148E-003  0.791484E-003  0.000000E+000  0.640000E+001  0.472000E+001  0.313000E+001  0.379000E+001  0.893000E+001  0.269000E+001  0.500000E+001  0.100000E+001
  0.415784E+003  0.120930E+002  0.680000E+001  0.000000E+000 -0.276379E-003  0.436942E-003  0.517014E-003 -0.563434E-003 -0.548555E-003  0.786365E-003  0.000000E+000  0.640000E+001  0.472000E+001  0.313000E+001  0.379000E+001  0.893000E+001  0.269000E+001  0.500000E+001  0.100000E+001
  0.415394E+003  0.121495E+002  0.690000E+001  0.000000E+000 -0.285323E-003  0.432017E-003  0.517734E-003 -0.539613E-003 -0.565300E-003  0.781503E-003  0.000000E+000  0.640000E+001  0.472000E+001  0.313000E+001  0.379000E+001  0.893000E+001  0.269000E+001  0.500000E+001  0.100000E+001
  0.415008E+003  0.122066E+002  0.700000E+001  0.000000E+000 -0.294211E-003  0.426750E-003  0.518339E-003 -0.515348E-003 -0.581362E-003  0.776895E-003  0.000000E+000  0.640000E+001  0.472000E+001  0.313000E+001  0.379000E+001  0.893000E+001  0.269000E+001  0.500000E+001  0.100000E+001
  0.414625E+003  0.122642E+002  0.710000E+001  0.000000E+000 -0.303032E-003  0.421143E-003  0.518835E-003 -0.490658E-003 -0.596718E-003  0.772540E-003  0.000000E+000  0.640000E+001  0.472000E+001  0.313000E+001  0.379000E+001  0.893000E+001  0.269000E+001  0.500000E+001  0.100000E+001
  0.414246E+003  0.123223E+002  0.720000E+001  0.000000E+000 -0.311775E-003  0.415203E-003  0.519228E-003 -0.465562E-003 -0.611350E-003  0.768438E-003  0.000000E+000  0.640000E+001  0.472000E+001  0.313000E+001  0.379000E+001  0.893000E+001  0.269000E+001  0.500000E+001  0.100000E+001
  0.413871E+003  0.123810E+002  0.730000E+001  0.000000E+000 -0.320429E-003  0.408935E-003  0.519521E-003 -0.440079E-003 -0.625236E-003  0.764585E-003  0.000000E+000  0.640000E+001  0.472000E+001  0.313000E+001  0.379000E+001  0.893000E+001  0.269000E+001  0.500000E+001  0.100000E+001
  0.413499E+003  0.124403E+002  0.740000E+001  0.000000E+000 -0.328983E-003  0.402343E-003  0.519721E-003 -0.414231E-003 -0.638359E-003  0.760979E-003  0.000000E+000  0.640000E+001  0.472000E+001  0.313000E+001  0.379000E+001  0.893000E+001  0.269000E+001  0.500000E+001  0.100000E+001
  0.413130E+003  0.125000E+002  0.750000E+001  0.000000E+000 -0.337425E-003  0.395435E-003  0.519831E-003 -0.388037E-003 -0.650700E-003  0.757617E-003  0.000000E+000  0.640000E+001  0.472000E+001  0.313000E+001  0.379000E+001  0.893000E+001  0.269000E+001  0.500000E+001  0.100000E+001
  0.412765E+003  0.125603E+002  0.760000E+001  0.000000E+000 -0.345746E-003  0.388215E-003  0.519856E-003 -0.361522E-003 -0.662243E-003  0.754496E-003  0.000000E+000  0.640000E+001  0.472000E+001  0.313000E+001  0.379000E+001  0.893000E+001  0.269000E+001  0.500000E+001  0.100000E+001
  0.412404E+003  0.126210E+002  0.770000E+001  0.000000E+000 -0.353934E-003  0.380690E-003  0.519802E-003 -0.334706E-003 -0.672972E-003  0.751611E-003  0.000000E+000  0.640000E+001  0.472000E+001  0.313000E+001  0.379000E+001  0.893000E+001  0.269000E+001  0.500000E+001  0.100000E+001
  0.412046E+003  0.126823E+002  0.780000E+001  0.000000E+000 -0.361980E-003  0.372866E-003  0.519672E-003 -0.307614E-003 -0.682872E-003  0.748960E-003  0.000000E+000  0.640000E+001  0.472000E+001  0.313000E+001  0.379000E+001  0.893000E+001  0.269000E+001  0.500000E+001  0.100000E+001
  0.411691E+003  0.127440E+002  0.790000E+001  0.000000E+000 -0.369874E-003  0.364750E-003  0.519470E-003 -0.280271E-003 -0.691929E-003  0.746537E-003  0.000000E+000  0.640000E+001  0.472000E+001  0.313000E+001  0.379000E+001  0.893000E+001  0.269000E+001  0.500000E+001  0.100000E+001
  0.411340E+003  0.128062E+002  0.800000E+001  0.000000E+000 -0.377605E-003  0.356350E-003  0.519202E-003 -0.252700E-003 -0.700130E-003  0.744338E-003  0.000000E+000  0.640000E+001  0.472000E+001  0.313000E+001  0.379000E+001  0.893000E+001  0.269000E+001  0.500000E+001  0.100000E+001
  0.410993E+003  0.128690E+002  0.810000E+001  0.000000E+000 -0.385164E-003  0.347671E-003  0.518870E-003 -0.224928E-003 -0.707462E-003  0.742358E-003  0.000000E+000  0.640000E+001  0.472000E+001  0.313000E+001  0.379000E+001  0.893000E+001  0.269000E+001  0.500000E+001  0.100000E+001
  0.410648E+003  0.129321E+002  0.820000E+001  0.000000E+000 -0.392542E-003  0.338722E-003  0.518480E-003 -0.196980E-003 -0.713915E-003  0.740592E-003  0.000000E+000  0.640000E+001  0.472000E+001  0.313000E+001  0.379000E+001  0.893000E+001  0.269000E+001  0.500000E+001  0.100000E+001
  0.410307E+003  0.129958E+002  0.830000E+001  0.000000E+000 -0.399729E-003  0.329510E-003  0.518035E-003 -0.168882E-003 -0.719479E-003  0.739034E-003  0.000000E+000  0.640000E+001  0.472000E+001  0.313000E+001  0.379000E+001  0.893000E+001  0.269000E+001  0.500000E+001  0.100000E+001
  0.409970E+003  0.130599E+002  0.840000E+001  0.000000E+000 -0.406716E-003  0.320043E-003  0.517538E-003 -0.140663E-003 -0.724145E-003  0.737680E-003  0.000000E+000  0.640000E+001  0.472000E+001  0.313000E+001  0.379000E+001  0.893000E+001  0.269000E+001  0.500000E+001  0.100000E+001
  0.409635E+003  0.131244E+002  0.850000E+001  0.000000E+000 -0.413495E-003  0.310329E-003  0.516993E-003 -0.112349E-003 -0.727905E-003  0.736524E-003  0.000000E+000  0.640000E+001  0.472000E+001  0.313000E+001  0.379000E+001  0.893000E+001  0.269000E+001  0.500000E+001  0.100000E+001
  0.409304E+003  0.131894E+002  0.860000E+001  0.000000E+000 -0.420057E-003  0.300376E-003  0.516404E-003 -0.839675E-004 -0.730752E-003  0.735560E-003  0.000000E+000  0.640000E+001  0.472000E+001  0.313000E+001  0.379000E+001  0.893000E+001  0.269000E+001  0.500000E+001  0.100000E+001
  0.408977E+003  0.132548E+002  0.870000E+001  0.000000E+000 -0.426394E-003  0.290192E-003  0.515775E-003 -0.555475E-004 -0.732681E-003  0.734783E-003  0.000000E+000  0.640000E+001  0.472000E+001  0.313000E+001  0.379000E+001  0.893000E+001  0.269000E+001  0.500000E+001  0.100000E+001
  0.408652E+003  0.133207E+002  0.880000E+001  0.000000E+000 -0.432499E-003  0.279786E-003  0.515107E-003 -0.271171E-004 -0.733686E-003  0.734187E-003  0.000000E+000  0.640000E+001  0.472000E+001  0.313000E+001  0.379000E+001  0.893000E+001  0.269000E+001  0.500000E+001  0.100000E+001
  0.408331E+003  0.133869E+002  0.890000E+001  0.000000E+000 -0.438363E-003  0.269166E-003  0.514405E-003  0.129474E-005 -0.733765E-003  0.733766E-003  0.000000E+000  0.640000E+001  0.472000E+001  0.313000E+001  0.379000E+001  0.893000E+001  0.269000E+001  0.500000E+001  0.100000E+001
  0.408013E+003  0.134536E+002  0.900000E+001  0.000000E+000 -0.443979E-003  0.258342E-003  0.513671E-003  0.296591E-004 -0.732915E-003  0.733515E-003  0.000000E+000  0.640000E+001  0.472000E+001  0.313000E+001  0.379000E+001  0.893000E+001  0.269000E+001  0.500000E+001  0.100000E+001
  0.407698E+003  0.135207E+002  0.910000E+001  0.000000E+000 -0.449340E-003  0.247322E-003  0.512908E-003  0.579468E-004 -0.731134E-003  0.733427E-003  0.000000E+000  0.640000E+001  0.472000E+001  0.313000E+001  0.379000E+001  0.893000E+001  0.269000E+001  0.500000E+001  0.100000E+001
  0.407386E+003  0.135882E+002  0.920000E+001  0.000000E+000 -0.454440E-003  0.236116E-003  0.512120E-003  0.861285E-004 -0.728423E-003  0.733497E-003  0.000000E+000  0.640000E+001  0.472000E+001  0.313000E+001  0.379000E+001  0.893000E+001  0.269000E+001  0.500000E+001  0.100000E+001
  0.407077E+003  0.136561E+002  0.930000E+001  0.000000E+000 -0.459271E-003  0.224733E-003  0.511307E-003  0.114175E-003 -0.724781E-003  0.733719E-003  0.000000E+000  0.640000E+001  0.472000E+001  0.313000E+001  0.379000E+001  0.893000E+001  0.269000E+001  0.500000E+001  0.100000E+001
  0.406771E+003  0.137244E+002  0.940000E+001  0.000000E+000 -0.463829E-003  0.213182E-003  0.510474E-003  0.142056E-003 -0.720212E-003  0.734088E-003  0.000000E+000  0.640000E+001  0.472000E+001  0.313000E+001  0.379000E+001  0.893000E+001  0.269000E+001  0.500000E+001  0.100000E+001
  0.406469E+003  0.137931E+002  0.950000E+001  0.000000E+000 -0.468106E-003  0.201473E-003  0.509622E-003  0.169742E-003 -0.714718E-003  0.734598E-003  0.000000E+000  0.640000E+001  0.472000E+001  0.313000E+001  0.379000E+001  0.893000E+001  0.269000E+001  0.500000E+001  0.100000E+001
  0.406169E+003  0.138622E+002  0.960000E+001  0.000000E+000 -0.472098E-003  0.189615E-003  0.508753E-003  0.197204E-003 -0.708303E-003  0.735244E-003  0.000000E+000  0.640000E+001  0.472000E+001  0.313000E+001  0.379000E+001  0.893000E+001  0.269000E+001  0.500000E+001  0.100000E+001
  0.405872E+003  0.139316E+002  0.970000E+001  0.000000E+000 -0.475799E-003  0.177618E-003  0.507870E-003  0.224412E-003 -0.700973E-003  0.736019E-003  0.000000E+000  0.640000E+001  0.472000E+001  0.313000E+001  0.379000E+001  0.893000E+001  0.269000E+001  0.500000E+001  0.100000E+001
  0.405579E+003  0.140014E+002  0.980000E+001  0.000000E+000 -0.479204E-003  0.165492E-003  0.506975E-003  0.251337E-003 -0.692734E-003  0.736920E-003  0.000000E+000  0.640000E+001  0.472000E+001  0.313000E+001  0.379000E+001  0.893000E+001  0.269000E+001  0.500000E+001  0.100000E+001
  0.405288E+003  0.140716E+002  0.990000E+001  0.000000E+000 -0.482309E-003  0.153247E-003  0.506070E-003  0.277949E-003 -0.683594E-003  0.737941E-003  0.000000E+000  0.640000E+001  0.472000E+001  0.313000E+001  0.379000E+001  0.893000E+001  0.269000E+001  0.500000E+001  0.100000E+001
  0.405000E+003  0.141421E+002  0.100000E+002  0.000000E+000 -0.485110E-003  0.140892E-003  0.505155E-003  0.304219E-003 -0.673561E-003  0.739076E-003  0.000000E+000  0.640000E+001  0.472000E+001  0.313000E+001  0.379000E+001  0.893000E+001  0.269000E+001  0.500000E+001  0.100000E+001
  0.404715E+003  0.142130E+002  0.101000E+002  0.000000E+000 -0.487602E-003  0.128439E-003  0.504234E-003  0.330119E-003 -0.662644E-003  0.740321E-003  0.000000E+000  0.640000E+001  0.472000E+001  0.313000E+001  0.379000E+001  0.893000E+001  0.269000E+001  0.500000E+001  0.100000E+001
  0.404433E+003  0.142843E+002  0.102000E+002  0.000000E+000 -0.489782E-003  0.115897E-003  0.503307E-003  0.355619E-003 -0.650854E-003  0.741671E-003  0.000000E+000  0.640000E+001  0.472000E+001  0.313000E+001  0.379000E+001  0.893000E+001  0.269000E+001  0.500000E+001  0.100000E+001
  0.404153E+003  0.143558E+002  0.103000E+002  0.000000E+000 -0.491647E-003  0.103275E-003  0.502377E-003  0.380691E-003 -0.638204E-003  0.743122E-003  0.000000E+000  0.640000E+001  0.472000E+001  0.313000E+001  0.379000E+001  0.893000E+001  0.269000E+001  0.500000E+001  0.100000E+001
  0.403877E+003  0.144278E+002  0.104000E+002  0.000000E+000 -0.493194E-003  0.905853E-004  0.501444E-003  0.405307E-003 -0.624705E-003  0.744668E-003  0.000000E+000  0.640000E+001  0.472000E+001  0.313000E+001  0.379000E+001  0.893000E+001  0.269000E+001  0.500000E+001  0.100000E+001
  0.403603E+003  0.145000E+002  0.105000E+002  0.000000E+000 -0.494420E-003  0.778370E-004  0.500509E-003  0.429440E-003 -0.610372E-003  0.746306E-003  0.000000E+000  0.640000E+001  0.472000E+001  0.313000E+001  0.379000E+001  0.893000E+001  0.269000E+001  0.500000E+001  0.100000E+001
  0.403332E+003  0.145726E+002  0.106000E+002  0.000000E+000 -0.495323E-003  0.650404E-004  0.499574E-003  0.453062E-003 -0.595219E-003  0.748031E-003  0.000000E+000  0.640000E+001  0.472000E+001  0.313000E+001  0.379000E+001  0.893000E+001  0.269000E+001  0.500000E+001  0.100000E+001
  0.403063E+003  0.146455E+002  0.107000E+002  0.000000E+000 -0.495900E-003  0.522060E-004  0.498641E-003  0.476145E-003 -0.579263E-003  0.749840E-003  0.000000E+000  0.640000E+001  0.472000E+001  0.313000E+001  0.379000E+001  0.893000E+001  0.269000E+001  0.500000E+001  0.100000E+001
  0.402797E+003  0.147187E+002  0.108000E+002  0.000000E+000 -0.496152E-003  0.393440E-004  0.497709E-003  0.498665E-003 -0.562519E-003  0.751728E-003  0.000000E+000  0.640000E+001  0.472000E+001  0.313000E+001  0.379000E+001  0.893000E+001  0.269000E+001  0.500000E+001  0.100000E+001
  0.402534E+003  0.147922E+002  0.109000E+002  0.000000E+000 -0.496075E-003  0.264646E-004  0.496780E-003  0.520594E-003 -0.545006E-003  0.753691E-003  0.000000E+000  0.640000E+001  0.472000E+001  0.313000E+001  0.379000E+001  0.893000E+001  0.269000E+001  0.500000E+001  0.100000E+001
  0.402274E+003  0.148661E+002  0.110000E+002  0.000000E+000 -0.495670E-003  0.135781E-004  0.495855E-003  0.541907E-003 -0.526743E-003  0.755726E-003  0.000000E+000  0.640000E+001  0.472000E+001  0.313000E+001  0.379000E+001  0.893000E+001  0.269000E+001  0.500000E+001  0.100000E+001
  0.402016E+003  0.149402E+002  0.111000E+002  0.000000E+000 -0.494935E-003  0.694740E-006  0.494935E-003  0.562581E-003 -0.507748E-003  0.757829E-003  0.000000E+000  0.640000E+001  0.472000E+001  0.313000E+001  0.379000E+001  0.893000E+001  0.269000E+001  0.500000E+001  0.100000E+001
  0.401760E+003  0.150147E+002  0.112000E+002  0.000000E+000 -0.493870E-003 -0.121752E-004  0.494020E-003  0.582589E-003 -0.488043E-003  0.759997E-003  0.000000E+000  0.640000E+001  0.472000E+001  0.313000E+001  0.379000E+001  0.893000E+001  0.269000E+001  0.500000E+001  0.100000E+001
  0.401507E+003  0.150894E+002  0.113000E+002  0.000000E+000 -0.492475E-003 -0.250217E-004  0.493110E-003  0.601910E-003 -0.467648E-003  0.762227E-003  0.000000E+000  0.640000E+001  0.472000E+001  0.313000E+001  0.379000E+001  0.893000E+001  0.269000E+001  0.500000E+001  0.100000E+001
  0.401257E+003  0.151644E+002  0.114000E+002  0.000000E+000 -0.490751E-003 -0.378345E-004  0.492207E-003  0.620519E-003 -0.446587E-003  0.764515E-003  0.000000E+000  0.640000E+001  0.472000E+001  0.313000E+001  0.379000E+001  0.893000E+001  0.269000E+001  0.500000E+001  0.100000E+001
  0.401009E+003  0.152398E+002  0.115000E+002  0.000000E+000 -0.488698E-003 -0.506036E-004  0.491311E-003  0.638395E-003 -0.424881E-003  0.766859E-003  0.000000E+000  0.640000E+001  0.472000E+001  0.313000E+001  0.379000E+001  0.893000E+001  0.269000E+001  0.500000E+001  0.100000E+001
  0.400764E+003  0.153154E+002  0.116000E+002  0.000000E+000 -0.486317E-003 -0.633190E-004  0.490422E-003  0.655517E-003 -0.402556E-003  0.769255E-003  0.000000E+000  0.640000E+001  0.472000E+001  0.313000E+001  0.379000E+001  0.893000E+001  0.269000E+001  0.500000E+001  0.100000E+001
  0.400521E+003  0.153912E+002  0.117000E+002  0.000000E+000 -0.483609E-003 -0.759707E-004  0.489540E-003  0.671864E-003 -0.379634E-003  0.771701E-003  0.000000E+000  0.640000E+001  0.472000E+001  0.313000E+001  0.379000E+001  0.893000E+001  0.269000E+001  0.500000E+001  0.100000E+001
  0.400280E+003  0.154674E+002  0.118000E+002  0.000000E+000 -0.480577E-003 -0.885488E-004  0.488667E-003  0.687415E-003 -0.356143E-003  0.774194E-003  0.000000E+000  0.640000E+001  0.472000E+001  0.313000E+001  0.379000E+001  0.893000E+001  0.269000E+001  0.500000E+001  0.100000E+001
  0.400042E+003  0.155438E+002  0.119000E+002  0.000000E+000 -0.477221E-003 -0.101044E-003  0.487801E-003  0.702152E-003 -0.332107E-003  0.776732E-003  0.000000E+000  0.640000E+001  0.472000E+001  0.313000E+001  0.379000E+001  0.893000E+001  0.269000E+001  0.500000E+001  0.100000E+001
  0.399806E+003  0.156205E+002  0.120000E+002  0.000000E+000 -0.473545E-003 -0.113446E-003  0.486944E-003  0.716057E-003 -0.307554E-003  0.779312E-003  0.000000E+000  0.640000E+001  0.472000E+001  0.313000E+001  0.379000E+001  0.893000E+001  0.269000E+001  0.500000E+001  0.100000E+001
  0.399572E+003  0.156975E+002  0.121000E+002  0.000000E+000 -0.469550E-003 -0.125745E-003  0.486095E-003  0.729113E-003 -0.282511E-003  0.781932E-003  0.000000E+000  0.640000E+001  0.472000E+001  0.313000E+001  0.379000E+001  0.893000E+001  0.269000E+001  0.500000E+001  0.100000E+001
  0.399341E+003  0.157747E+002  0.122000E+002  0.000000E+000 -0.465239E-003 -0.137933E-003  0.485255E-003  0.741302E-003 -0.257006E-003  0.784590E-003  0.000000E+000  0.640000E+001  0.472000E+001  0.313000E+001  0.379000E+001  0.893000E+001  0.269000E+001  0.500000E+001  0.100000E+001
  0.399111E+003  0.158521E+002  0.123000E+002  0.000000E+000 -0.460616E-003 -0.149999E-003  0.484424E-003  0.752610E-003 -0.231068E-003  0.787283E-003  0.000000E+000  0.640000E+001  0.472000E+001  0.313000E+001  0.379000E+001  0.893000E+001  0.269000E+001  0.500000E+001  0.100000E+001
  0.398884E+003  0.159298E+002  0.124000E+002  0.000000E+000 -0.455683E-003 -0.161934E-003  0.483601E-003  0.763021E-003 -0.204725E-003  0.790009E-003  0.000000E+000  0.640000E+001  0.472000E+001  0.313000E+001  0.379000E+001  0.893000E+001  0.269000E+001  0.500000E+001  0.100000E+001
  0.398660E+003  0.160078E+002  0.125000E+002  0.000000E+000 -0.450445E-003 -0.173731E-003  0.482786E-003  0.772523E-003 -0.178008E-003  0.792767E-003  0.000000E+000  0.640000E+001  0.472000E+001  0.313000E+001  0.379000E+001  0.893000E+001  0.269000E+001  0.500000E+001  0.100000E+001
  0.398437E+003  0.160860E+002  0.126000E+002  0.000000E+000 -0.444905E-003 -0.185378E-003  0.481980E-003  0.781103E-003 -0.150947E-003  0.795554E-003  0.000000E+000  0.640000E+001  0.472000E+001  0.313000E+001  0.379000E+001  0.893000E+001  0.269000E+001  0.500000E+001  0.100000E+001
  0.398217E+003  0.161645E+002  0.127000E+002  0.000000E+000 -0.439067E-003 -0.196868E-003  0.481183E-003  0.788748E-003 -0.123572E-003  0.798369E-003  0.000000E+000  0.640000E+001  0.472000E+001  0.313000E+001  0.379000E+001  0.893000E+001  0.269000E+001  0.500000E+001  0.100000E+001
  0.397999E+003  0.162432E+002  0.128000E+002  0.000000E+000 -0.432936E-003 -0.208193E-003  0.480394E-003  0.795449E-003 -0.959150E-004  0.801211E-003  0.000000E+000  0.640000E+001  0.472000E+001  0.313000E+001  0.379000E+001  0.893000E+001  0.269000E+001  0.500000E+001  0.100000E+001
  0.397783E+003  0.163221E+002  0.129000E+002  0.000000E+000 -0.426517E-003 -0.219343E-003  0.479613E-003  0.801195E-003 -0.680068E-004  0.804076E-003  0.000000E+000  0.640000E+001  0.472000E+001  0.313000E+001  0.379000E+001  0.893000E+001  0.269000E+001  0.500000E+001  0.100000E+001
  0.397569E+003  0.164012E+002  0.130000E+002  0.000000E+000 -0.419815E-003 -0.230310E-003  0.478839E-003  0.805979E-003 -0.398795E-004  0.806965E-003  0.000000E+000  0.640000E+001  0.472000E+001  0.313000E+001  0.379000E+001  0.893000E+001  0.269000E+001  0.500000E+001  0.100000E+001
  0.397357E+003  0.164806E+002  0.131000E+002  0.000000E+000 -0.412834E-003 -0.241087E-003  0.478074E-003  0.809792E-003 -0.115651E-004  0.809875E-003  0.000000E+000  0.640000E+001  0.472000E+001  0.313000E+001  0.379000E+001  0.893000E+001  0.269000E+001  0.500000E+001  0.100000E+001
  0.397147E+003  0.165602E+002  0.132000E+002  0.000000E+000 -0.405580E-003 -0.251664E-003  0.477316E-003  0.812629E-003  0.169038E-004  0.812805E-003  0.000000E+000  0.640000E+001  0.472000E+001  0.313000E+001  0.379000E+001  0.893000E+001  0.269000E+001  0.500000E+001  0.100000E+001
  0.396939E+003  0.166400E+002  0.133000E+002  0.000000E+000 -0.398059E-003 -0.262036E-003  0.476565E-003  0.814484E-003  0.454945E-004  0.815753E-003  0.000000E+000  0.640000E+001  0.472000E+001  0.313000E+001  0.379000E+001  0.893000E+001  0.269000E+001  0.500000E+001  0.100000E+001
  0.396733E+003  0.167200E+002  0.134000E+002  0.000000E+000 -0.390277E-003 -0.272193E-003  0.475821E-003  0.815352E-003  0.741742E-004  0.818719E-003  0.000000E+000  0.640000E+001  0.472000E+001  0.313000E+001  0.379000E+001  0.893000E+001  0.269000E+001  0.500000E+001  0.100000E+001
  0.396529E+003  0.168003E+002  0.135000E+002  0.000000E+000 -0.382239E-003 -0.282129E-003  0.475083E-003  0.815231E-003  0.102910E-003  0.821700E-003  0.000000E+000  0.640000E+001  0.472000E+001  0.313000E+001  0.379000E+001  0.893000E+001  0.269000E+001  0.500000E+001  0.100000E+001
  0.396327E+003  0.168808E+002  0.136000E+002  0.000000E+000 -0.373953E-003 -0.291837E-003  0.474352E-003  0.814118E-003  0.131668E-003  0.824697E-003  0.000000E+000  0.640000E+001  0.472000E+001  0.313000E+001  0.379000E+001  0.893000E+001  0.269000E+001  0.500000E+001  0.100000E+001
  0.396127E+003  0.169614E+002  0.137000E+002  0.000000E+000 -0.365425E-003 -0.301309E-003  0.473626E-003  0.812013E-003  0.160416E-003  0.827706E-003  0.000000E+000  0.640000E+001  0.472000E+001  0.313000E+001  0.379000E+001  0.893000E+001  0.269000E+001  0.500000E+001  0.100000E+001
  0.395929E+003  0.170423E+002  0.138000E+002  0.000000E+000 -0.356660E-003 -0.310539E-003  0.472907E-003  0.808915E-003  0.189120E-003  0.830729E-003  0.000000E+000  0.640000E+001  0.472000E+001  0.313000E+001  0.379000E+001  0.893000E+001  0.269000E+001  0.500000E+001  0.100000E+001
  0.395732E+003  0.171234E+002  0.139000E+002  0.000000E+000 -0.347667E-003 -0.319520E-003  0.472192E-003  0.804827E-003  0.217746E-003  0.833762E-003  0.000000E+000  0.640000E+001  0.472000E+001  0.313000E+001  0.379000E+001  0.893000E+001  0.269000E+001  0.500000E+001  0.100000E+001
  0.395538E+003  0.172047E+002  0.140000E+002  0.000000E+000 -0.338453E-003 -0.328246E-003  0.471483E-003  0.799749E-003  0.246262E-003  0.836806E-003  0.000000E+000  0.640000E+001  0.472000E+001  0.313000E+001  0.379000E+001  0.893000E+001  0.269000E+001  0.500000E+001  0.100000E+001
  0.395345E+003  0.172861E+002  0.141000E+002  0.000000E+000 -0.329024E-003 -0.336711E-003  0.470778E-003  0.793687E-003  0.274634E-003  0.839859E-003  0.000000E+000  0.640000E+001  0.472000E+001  0.313000E+001  0.379000E+001  0.893000E+001  0.269000E+001  0.500000E+001  0.100000E+001
  0.395154E+003  0.173678E+002  0.142000E+002  0.000000E+000 -0.319389E-003 -0.344910E-003  0.470077E-003  0.786644E-003  0.302830E-003  0.842920E-003  0.000000E+000  0.640000E+001  0.472000E+001  0.313000E+001  0.379000E+001  0.893000E+001  0.269000E+001  0.500000E+001  0.100000E+001
  0.394965E+003  0.174496E+002  0.143000E+002  0.000000E+000 -0.309554E-003 -0.352836E-003  0.469380E-003  0.778626E-003  0.330815E-003  0.845988E-003  0.000000E+000  0.640000E+001  0.472000E+001  0.313000E+001  0.379000E+001  0.893000E+001  0.269000E+001  0.500000E+001  0.100000E+001
  0.394778E+003  0.175317E+002  0.144000E+002  0.000000E+000 -0.299528E-003 -0.360485E-003  0.468686E-003  0.769640E-003  0.358557E-003  0.849063E-003  0.000000E+000  0.640000E+001  0.472000E+001  0.313000E+001  0.379000E+001  0.893000E+001  0.269000E+001  0.500000E+001  0.100000E+001
  0.394592E+003  0.176139E+002  0.145000E+002  0.000000E+000 -0.289318E-003 -0.367851E-003  0.467995E-003  0.759694E-003  0.386023E-003  0.852144E-003  0.000000E+000  0.640000E+001  0.472000E+001  0.313000E+001  0.379000E+001  0.893000E+001  0.269000E+001  0.500000E+001  0.100000E+001
  0.394408E+003  0.176963E+002  0.146000E+002  0.000000E+000 -0.278933E-003 -0.374929E-003  0.467307E-003  0.748797E-003  0.413182E-003  0.855229E-003  0.000000E+000  0.640000E+001  0.472000E+001  0.313000E+001  0.379000E+001  0.893000E+001  0.269000E+001  0.500000E+001  0.100000E+001
  0.394226E+003  0.177789E+002  0.147000E+002  0.000000E+000 -0.268381E-003 -0.381715E-003  0.466620E-003  0.736959E-003  0.440000E-003  0.858317E-003  0.000000E+000  0.640000E+001  0.472000E+001  0.313000E+001  0.379000E+001  0.893000E+001  0.269000E+001  0.500000E+001  0.100000E+001
  0.394046E+003  0.178617E+002  0.148000E+002  0.000000E+000 -0.257670E-003 -0.388204E-003  0.465936E-003  0.724191E-003  0.466447E-003  0.861409E-003  0.000000E+000  0.640000E+001  0.472000E+001  0.313000E+001  0.379000E+001  0.893000E+001  0.269000E+001  0.500000E+001  0.100000E+001
  0.393867E+003  0.179446E+002  0.149000E+002  0.000000E+000 -0.246808E-003 -0.394394E-003  0.465253E-003  0.710505E-003  0.492491E-003  0.864503E-003  0.000000E+000  0.640000E+001  0.472000E+001  0.313000E+001  0.379000E+001  0.893000E+001  0.269000E+001  0.500000E+001  0.100000E+001
  0.393690E+003  0.180278E+002  0.150000E+002  0.000000E+000 -0.235804E-003 -0.400278E-003  0.464571E-003  0.695916E-003  0.518100E-003  0.867598E-003  0.000000E+000  0.640000E+001  0.472000E+001  0.313000E+001  0.379000E+001  0.893000E+001  0.269000E+001  0.500000E+001  0.100000E+001
  0.393515E+003  0.181110E+002  0.151000E+002  0.000000E+000 -0.224667E-003 -0.405855E-003  0.463890E-003  0.680436E-003  0.543244E-003  0.870694E-003  0.000000E+000  0.640000E+001  0.472000E+001  0.313000E+001  0.379000E+001  0.893000E+001  0.269000E+001  0.500000E+001  0.100000E+001
  0.393341E+003  0.181945E+002  0.152000E+002  0.000000E+000 -0.213405E-003 -0.411121E-003  0.463209E-003  0.664082E-003  0.567893E-003  0.873789E-003  0.000000E+000  0.640000E+001  0.472000E+001  0.313000E+001  0.379000E+001  0.893000E+001  0.269000E+001  0.500000E+001  0.100000E+001
  0.393168E+003  0.182781E+002  0.153000E+002  0.000000E+000 -0.202028E-003 -0.416072E-003  0.462527E-003  0.646870E-003  0.592018E-003  0.876884E-003  0.000000E+000  0.640000E+001  0.472000E+001  0.313000E+001  0.379000E+001  0.893000E+001  0.269000E+001  0.500000E+001  0.100000E+001
  0.392998E+003  0.183619E+002  0.154000E+002  0.000000E+000 -0.190543E-003 -0.420707E-003  0.461845E-003  0.628817E-003  0.615589E-003  0.879978E-003  0.000000E+000  0.640000E+001  0.472000E+001  0.313000E+001  0.379000E+001  0.893000E+001  0.269000E+001  0.500000E+001  0.100000E+001
  0.392829E+003  0.184459E+002  0.155000E+002  0.000000E+000 -0.178961E-003 -0.425022E-003  0.461162E-003  0.609942E-003  0.638578E-003  0.883069E-003  0.000000E+000  0.640000E+001  0.472000E+001  0.313000E+001  0.379000E+001  0.893000E+001  0.269000E+001  0.500000E+001  0.100000E+001
  0.392661E+003  0.185300E+002  0.156000E+002  0.000000E+000 -0.167289E-003 -0.429015E-003  0.460478E-003  0.590263E-003  0.660957E-003  0.886158E-003  0.000000E+000  0.640000E+001  0.472000E+001  0.313000E+001  0.379000E+001  0.893000E+001  0.269000E+001  0.500000E+001  0.100000E+001
  0.392495E+003  0.186142E+002  0.157000E+002  0.000000E+000 -0.155538E-003 -0.432686E-003  0.459792E-003  0.569802E-003  0.682699E-003  0.889243E-003  0.000000E+000  0.640000E+001  0.472000E+001  0.313000E+001  0.379000E+001  0.893000E+001  0.269000E+001  0.500000E+001  0.100000E+001
  0.392330E+003  0.186987E+002  0.158000E+002  0.000000E+000 -0.143715E-003 -0.436030E-003  0.459104E-003  0.548579E-003  0.703777E-003  0.892323E-003  0.000000E+000  0.640000E+001  0.472000E+001  0.313000E+001  0.379000E+001  0.893000E+001  0.269000E+001  0.500000E+001  0.100000E+001
  0.392167E+003  0.187832E+002  0.159000E+002  0.000000E+000 -0.131831E-003 -0.439049E-003  0.458414E-003  0.526617E-003  0.724165E-003  0.895399E-003  0.000000E+000  0.640000E+001  0.472000E+001  0.313000E+001  0.379000E+001  0.893000E+001  0.269000E+001  0.500000E+001  0.100000E+001
  0.392005E+003  0.188680E+002  0.160000E+002  0.000000E+000 -0.119895E-003 -0.441739E-003  0.457721E-003  0.503938E-003  0.743838E-003  0.898470E-003  0.000000E+000  0.640000E+001  0.472000E+001  0.313000E+001  0.379000E+001  0.893000E+001  0.269000E+001  0.500000E+001  0.100000E+001
  0.391845E+003  0.189528E+002  0.161000E+002  0.000000E+000 -0.107914E-003 -0.444101E-003  0.457024E-003  0.480566E-003  0.762772E-003  0.901535E-003  0.000000E+000  0.640000E+001  0.472000E+001  0.313000E+001  0.379000E+001  0.893000E+001  0.269000E+001  0.500000E+001  0.100000E+001
  0.391686E+003  0.190379E+002  0.162000E+002  0.000000E+000 -0.958997E-004 -0.446134E-003  0.456325E-003  0.456526E-003  0.780943E-003  0.904593E-003  0.000000E+000  0.640000E+001  0.472000E+001  0.313000E+001  0.379000E+001  0.893000E+001  0.269000E+001  0.500000E+001  0.100000E+001
  0.391529E+003  0.191230E+002  0.163000E+002  0.000000E+000 -0.838600E-004 -0.447838E-003  0.455622E-003  0.431842E-003  0.798329E-003  0.907644E-003  0.000000E+000  0.640000E+001  0.472000E+001  0.313000E+001  0.379000E+001  0.893000E+001  0.269000E+001  0.500000E+001  0.100000E+001
  0.391373E+003  0.192083E+002  0.164000E+002  0.000000E+000 -0.718043E-004 -0.449212E-003  0.454914E-003  0.406542E-003  0.814908E-003  0.910687E-003  0.000000E+000  0.640000E+001  0.472000E+001  0.313000E+001  0.379000E+001  0.893000E+001  0.269000E+001  0.500000E+001  0.100000E+001
  0.391218E+003  0.192938E+002  0.165000E+002  0.000000E+000 -0.597418E-004 -0.450256E-003  0.454202E-003  0.380652E-003  0.830657E-003  0.913722E-003  0.000000E+000  0.640000E+001  0.472000E+001  0.313000E+001  0.379000E+001  0.893000E+001  0.269000E+001  0.500000E+001  0.100000E+001
  0.391065E+003  0.193794E+002  0.166000E+002  0.000000E+000 -0.476815E-004 -0.450972E-003  0.453486E-003  0.354200E-003  0.845558E-003  0.916748E-003  0.000000E+000  0.640000E+001  0.472000E+001  0.313000E+001  0.379000E+001  0.893000E+001  0.269000E+001  0.500000E+001  0.100000E+001
  0.390913E+003  0.194651E+002  0.167000E+002  0.000000E+000 -0.356325E-004 -0.451360E-003  0.452765E-003  0.327214E-003  0.859592E-003  0.919765E-003  0.000000E+000  0.640000E+001  0.472000E+001  0.313000E+001  0.379000E+001  0.893000E+001  0.269000E+001  0.500000E+001  0.100000E+001
  0.390763E+003  0.195510E+002  0.168000E+002  0.000000E+000 -0.236039E-004 -0.451421E-003  0.452038E-003  0.299723E-003  0.872739E-003  0.922771E-003  0.000000E+000  0.640000E+001  0.472000E+001  0.313000E+001  0.379000E+001  0.893000E+001  0.269000E+001  0.500000E+001  0.100000E+001
  0.390613E+003  0.196370E+002  0.169000E+002  0.000000E+000 -0.116046E-004 -0.451157E-003  0.451306E-003  0.271756E-003  0.884982E-003  0.925767E-003  0.000000E+000  0.640000E+001  0.472000E+001  0.313000E+001  0.379000E+001  0.893000E+001  0.269000E+001  0.500000E+001  0.100000E+001
  0.390466E+003  0.197231E+002  0.170000E+002  0.000000E+000  0.356328E-006 -0.450568E-003  0.450568E-003  0.243344E-003  0.896306E-003  0.928752E-003  0.000000E+000  0.640000E+001  0.472000E+001  0.313000E+001  0.379000E+001  0.893000E+001  0.269000E+001  0.500000E+001  0.100000E+001
  0.390319E+003  0.198093E+002  0.171000E+002  0.000000E+000  0.122701E-004 -0.449657E-003  0.449824E-003  0.214517E-003  0.906695E-003  0.931726E-003  0.000000E+000  0.640000E+001  0.472000E+001  0.313000E+001  0.379000E+001  0.893000E+001  0.269000E+001  0.500000E+001  0.100000E+001
  0.390174E+003  0.198957E+002  0.172000E+002  0.000000E+000  0.241280E-004 -0.448425E-003  0.449074E-003  0.185306E-003  0.916134E-003  0.934687E-003  0.000000E+000  0.640000E+001  0.472000E+001  0.313000E+001  0.379000E+001  0.893000E+001  0.269000E+001  0.500000E+001  0.100000E+001
  0.390029E+003  0.199822E+002  0.173000E+002  0.000000E+000  0.359212E-004 -0.446876E-003  0.448317E-003  0.155743E-003  0.924611E-003  0.937636E-003  0.000000E+000  0.640000E+001  0.472000E+001  0.313000E+001  0.379000E+001  0.893000E+001  0.269000E+001  0.500000E+001  0.100000E+001
  0.389887E+003  0.200689E+002  0.174000E+002  0.000000E+000  0.476411E-004 -0.445011E-003  0.447554E-003  0.125861E-003  0.932113E-003  0.940571E-003  0.000000E+000  0.640000E+001  0.472000E+001  0.313000E+001  0.379000E+001  0.893000E+001  0.269000E+001  0.500000E+001  0.100000E+001
  0.389745E+003  0.201556E+002  0.175000E+002  0.000000E+000  0.592792E-004 -0.442834E-003  0.446784E-003  0.956908E-004  0.938628E-003  0.943493E-003  0.000000E+000  0.640000E+001  0.472000E+001  0.313000E+001  0.379000E+001  0.893000E+001  0.269000E+001  0.500000E+001  0.100000E+001
  0.389604E+003  0.202425E+002  0.176000E+002  0.000000E+000  0.708270E-004 -0.440346E-003  0.446006E-003  0.652665E-004  0.944148E-003  0.946401E-003  0.000000E+000  0.640000E+001  0.472000E+001  0.313000E+001  0.379000E+001  0.893000E+001  0.269000E+001  0.500000E+001  0.100000E+001
  0.389465E+003  0.203295E+002  0.177000E+002  0.000000E+000  0.822762E-004 -0.437553E-003  0.445221E-003  0.346209E-004  0.948663E-003  0.949295E-003  0.000000E+000  0.640000E+001  0.472000E+001  0.313000E+001  0.379000E+001  0.893000E+001  0.269000E+001  0.500000E+001  0.100000E+001
  0.389327E+003  0.204167E+002  0.178000E+002  0.000000E+000  0.936186E-004 -0.434457E-003  0.444429E-003  0.378761E-005  0.952165E-003  0.952173E-003  0.000000E+000  0.640000E+001  0.472000E+001  0.313000E+001  0.379000E+001  0.893000E+001  0.269000E+001  0.500000E+001  0.100000E+001
  0.389190E+003  0.205039E+002  0.179000E+002  0.000000E+000  0.104846E-003 -0.431061E-003  0.443629E-003 -0.271996E-004  0.954648E-003  0.955035E-003  0.000000E+000  0.640000E+001  0.472000E+001  0.313000E+001  0.379000E+001  0.893000E+001  0.269000E+001  0.500000E+001  0.100000E+001
  0.389055E+003  0.205913E+002  0.180000E+002  0.000000E+000  0.115951E-003 -0.427371E-003  0.442821E-003 -0.583068E-004  0.956105E-003  0.957882E-003  0.000000E+000  0.640000E+001  0.472000E+001  0.313000E+001  0.379000E+001  0.893000E+001  0.269000E+001  0.500000E+001  0.100000E+001
  0.388920E+003  0.206787E+002  0.181000E+002  0.000000E+000  0.126925E-003 -0.423389E-003  0.442005E-003 -0.894996E-004  0.956534E-003  0.960712E-003  0.000000E+000  0.640000E+001  0.472000E+001  0.313000E+001  0.379000E+001  0.893000E+001  0.269000E+001  0.500000E+001  0.100000E+001
  0.388787E+003  0.207663E+002  0.182000E+002  0.000000E+000  0.137760E-003 -0.419121E-003  0.441181E-003 -0.120744E-003  0.955929E-003  0.963524E-003  0.000000E+000  0.640000E+001  0.472000E+001  0.313000E+001  0.379000E+001  0.893000E+001  0.269000E+001  0.500000E+001  0.100000E+001
  0.388654E+003  0.208540E+002  0.183000E+002  0.000000E+000  0.148450E-003 -0.414571E-003  0.440348E-003 -0.152005E-003  0.954290E-003  0.966320E-003  0.000000E+000  0.640000E+001  0.472000E+001  0.313000E+001  0.379000E+001  0.893000E+001  0.269000E+001  0.500000E+001  0.100000E+001
  0.388523E+003  0.209418E+002  0.184000E+002  0.000000E+000  0.158986E-003 -0.409744E-003  0.439507E-003 -0.183249E-003  0.951614E-003  0.969097E-003  0.000000E+000  0.640000E+001  0.472000E+001  0.313000E+001  0.379000E+001  0.893000E+001  0.269000E+001  0.500000E+001  0.100000E+001
  0.388393E+003  0.210297E+002  0.185000E+002  0.000000E+000  0.169361E-003 -0.404644E-003  0.438657E-003 -0.214440E-003  0.947903E-003  0.971857E-003  0.000000E+000  0.640000E+001  0.472000E+001  0.313000E+001  0.379000E+001  0.893000E+001  0.269000E+001  0.500000E+001  0.100000E+001
  0.388264E+003  0.211178E+002  0.186000E+002  0.000000E+000  0.179569E-003 -0.399278E-003  0.437799E-003 -0.245545E-003  0.943158E-003  0.974597E-003  0.000000E+000  0.640000E+001  0.472000E+001  0.313000E+001  0.379000E+001  0.893000E+001  0.269000E+001  0.500000E+001  0.100000E+001
  0.388136E+003  0.212059E+002  0.187000E+002  0.000000E+000  0.189603E-003 -0.393649E-003  0.436931E-003 -0.276528E-003  0.937381E-003  0.977318E-003  0.000000E+000  0.640000E+001  0.472000E+001  0.313000E+001  0.379000E+001  0.893000E+001  0.269000E+001  0.500000E+001  0.100000E+001
  0.388009E+003  0.212941E+002  0.188000E+002  0.000000E+000  0.199454E-003 -0.387765E-003  0.436055E-003 -0.307355E-003  0.930575E-003  0.980019E-003  0.000000E+000  0.640000E+001  0.472000E+001  0.313000E+001  0.379000E+001  0.893000E+001  0.269000E+001  0.500000E+001  0.100000E+001
  0.387883E+003  0.213825E+002  0.189000E+002  0.000000E+000  0.209119E-003 -0.381631E-003  0.435170E-003 -0.337993E-003  0.922746E-003  0.982701E-003  0.000000E+000  0.640000E+001  0.472000E+001  0.313000E+001  0.379000E+001  0.893000E+001  0.269000E+001  0.500000E+001  0.100000E+001
  0.387759E+003  0.214709E+002  0.190000E+002  0.000000E+000  0.218588E-003 -0.375252E-003  0.434275E-003 -0.368407E-003  0.913900E-003  0.985361E-003  0.000000E+000  0.640000E+001  0.472000E+001  0.313000E+001  0.379000E+001  0.893000E+001  0.269000E+001  0.500000E+001  0.100000E+001
  0.387635E+003  0.215595E+002  0.191000E+002  0.000000E+000  0.227858E-003 -0.368635E-003  0.433372E-003 -0.398562E-003  0.904043E-003  0.988001E-003  0.000000E+000  0.640000E+001  0.472000E+001  0.313000E+001  0.379000E+001  0.893000E+001  0.269000E+001  0.500000E+001  0.100000E+001
  0.387512E+003  0.216481E+002  0.192000E+002  0.000000E+000  0.236921E-003 -0.361786E-003  0.432459E-003 -0.428425E-003  0.893184E-003  0.990619E-003  0.000000E+000  0.640000E+001  0.472000E+001  0.313000E+001  0.379000E+001  0.893000E+001  0.269000E+001  0.500000E+001  0.100000E+001
  0.387390E+003  0.217368E+002  0.193000E+002  0.000000E+000  0.245771E-003 -0.354711E-003  0.431536E-003 -0.457964E-003  0.881332E-003  0.993215E-003  0.000000E+000  0.640000E+001  0.472000E+001  0.313000E+001  0.379000E+001  0.893000E+001  0.269000E+001  0.500000E+001  0.100000E+001
  0.387269E+003  0.218257E+002  0.194000E+002  0.000000E+000  0.254404E-003 -0.347418E-003  0.430605E-003 -0.487143E-003  0.868497E-003  0.995789E-003  0.000000E+000  0.640000E+001  0.472000E+001  0.313000E+001  0.379000E+001  0.893000E+001  0.269000E+001  0.500000E+001  0.100000E+001
  0.387150E+003  0.219146E+002  0.195000E+002  0.000000E+000  0.262813E-003 -0.339912E-003  0.429664E-003 -0.515932E-003  0.854692E-003  0.998341E-003  0.000000E+000  0.640000E+001  0.472000E+001  0.313000E+001  0.379000E+001  0.893000E+001  0.269000E+001  0.500000E+001  0.100000E+001
  0.387031E+003  0.220036E+002  0.196000E+002  0.000000E+000  0.270994E-003 -0.332200E-003  0.428713E-003 -0.544297E-003  0.839929E-003  0.100087E-002  0.000000E+000  0.640000E+001  0.472000E+001  0.313000E+001  0.379000E+001  0.893000E+001  0.269000E+001  0.500000E+001  0.100000E+001
  0.386913E+003  0.220928E+002  0.197000E+002  0.000000E+000  0.278942E-003 -0.324290E-003  0.427753E-003 -0.572207E-003  0.824220E-003  0.100337E-002  0.000000E+000  0.640000E+001  0.472000E+001  0.313000E+001  0.379000E+001  0.893000E+001  0.269000E+001  0.500000E+001  0.100000E+001
  0.386796E+003  0.221820E+002  0.198000E+002  0.000000E+000  0.286651E-003 -0.316188E-003  0.426783E-003 -0.599629E-003  0.807583E-003  0.100586E-002  0.000000E+000  0.640000E+001  0.472000E+001  0.313000E+001  0.379000E+001  0.893000E+001  0.269000E+001  0.500000E+001  0.100000E+001
  0.386680E+003  0.222713E+002  0.199000E+002  0.000000E+000  0.294118E-003 -0.307902E-003  0.425804E-003 -0.626534E-003  0.790031E-003  0.100831E-002  0.000000E+000  0.640000E+001  0.472000E+001  0.313000E+001  0.379000E+001  0.893000E+001  0.269000E+001  0.500000E+001  0.100000E+001
