 % x, z, xRe, zRe, psi, R, h
 -0.387364E+003 -0.185270E+002 -0.387364E+003 -0.185270E+002  0.181261E+003  0.387458E+003  0.500000E+001
 -0.387231E+003 -0.219069E+002 -0.387231E+003 -0.219069E+002  0.181761E+003  0.387414E+003  0.500000E+001
 -0.387069E+003 -0.252854E+002 -0.387069E+003 -0.252854E+002  0.182261E+003  0.387371E+003  0.500000E+001
 -0.386877E+003 -0.286624E+002 -0.386877E+003 -0.286624E+002  0.182762E+003  0.387327E+003  0.500000E+001
 -0.386656E+003 -0.320376E+002 -0.386656E+003 -0.320376E+002  0.183262E+003  0.387283E+003  0.500000E+001
 -0.386405E+003 -0.354107E+002 -0.386405E+003 -0.354107E+002  0.183762E+003  0.387240E+003  0.500000E+001
 -0.386125E+003 -0.387816E+002 -0.386125E+003 -0.387816E+002  0.184263E+003  0.387196E+003  0.500000E+001
 -0.385816E+003 -0.421498E+002 -0.385816E+003 -0.421498E+002  0.184763E+003  0.387153E+003  0.500000E+001
 -0.385477E+003 -0.455152E+002 -0.385477E+003 -0.455152E+002  0.185264E+003  0.387109E+003  0.500000E+001
 -0.385108E+003 -0.488776E+002 -0.385108E+003 -0.488776E+002  0.185765E+003  0.387066E+003  0.500000E+001
 -0.384711E+003 -0.522366E+002 -0.384711E+003 -0.522366E+002  0.186265E+003  0.387022E+003  0.500000E+001
 -0.384284E+003 -0.555920E+002 -0.384284E+003 -0.555920E+002  0.186766E+003  0.386979E+003  0.500000E+001
 -0.383828E+003 -0.589435E+002 -0.383828E+003 -0.589435E+002  0.187267E+003  0.386936E+003  0.500000E+001
 -0.383343E+003 -0.622909E+002 -0.383343E+003 -0.622909E+002  0.187768E+003  0.386893E+003  0.500000E+001
 -0.382828E+003 -0.656340E+002 -0.382828E+003 -0.656340E+002  0.188269E+003  0.386849E+003  0.500000E+001
 -0.382284E+003 -0.689725E+002 -0.382284E+003 -0.689725E+002  0.188770E+003  0.386806E+003  0.500000E+001
 -0.381711E+003 -0.723060E+002 -0.381711E+003 -0.723060E+002  0.189271E+003  0.386763E+003  0.500000E+001
 -0.381110E+003 -0.756345E+002 -0.381110E+003 -0.756345E+002  0.189772E+003  0.386720E+003  0.500000E+001
 -0.380479E+003 -0.789576E+002 -0.380479E+003 -0.789576E+002  0.190273E+003  0.386677E+003  0.500000E+001
 -0.379819E+003 -0.822750E+002 -0.379819E+003 -0.822750E+002  0.190774E+003  0.386634E+003  0.500000E+001
 -0.379130E+003 -0.855866E+002 -0.379130E+003 -0.855866E+002  0.191275E+003  0.386591E+003  0.500000E+001
 -0.378412E+003 -0.888920E+002 -0.378412E+003 -0.888920E+002  0.191776E+003  0.386549E+003  0.500000E+001
 -0.377666E+003 -0.921910E+002 -0.377666E+003 -0.921910E+002  0.192278E+003  0.386506E+003  0.500000E+001
 -0.376891E+003 -0.954834E+002 -0.376891E+003 -0.954834E+002  0.192779E+003  0.386463E+003  0.500000E+001
 -0.376087E+003 -0.987689E+002 -0.376087E+003 -0.987689E+002  0.193281E+003  0.386421E+003  0.500000E+001
 -0.375254E+003 -0.102047E+003 -0.375254E+003 -0.102047E+003  0.193782E+003  0.386378E+003  0.500000E+001
 -0.374393E+003 -0.105318E+003 -0.374393E+003 -0.105318E+003  0.194284E+003  0.386336E+003  0.500000E+001
 -0.373503E+003 -0.108582E+003 -0.373503E+003 -0.108582E+003  0.194785E+003  0.386294E+003  0.500000E+001
 -0.372585E+003 -0.111837E+003 -0.372585E+003 -0.111837E+003  0.195287E+003  0.386252E+003  0.500000E+001
 -0.371639E+003 -0.115084E+003 -0.371639E+003 -0.115084E+003  0.195789E+003  0.386210E+003  0.500000E+001
 -0.370664E+003 -0.118323E+003 -0.370664E+003 -0.118323E+003  0.196291E+003  0.386168E+003  0.500000E+001
 -0.369661E+003 -0.121554E+003 -0.369661E+003 -0.121554E+003  0.196792E+003  0.386126E+003  0.500000E+001
 -0.368630E+003 -0.124775E+003 -0.368630E+003 -0.124775E+003  0.197294E+003  0.386084E+003  0.500000E+001
 -0.367570E+003 -0.127987E+003 -0.367570E+003 -0.127987E+003  0.197796E+003  0.386043E+003  0.500000E+001
 -0.366483E+003 -0.131190E+003 -0.366483E+003 -0.131190E+003  0.198298E+003  0.386001E+003  0.500000E+001
 -0.365368E+003 -0.134384E+003 -0.365368E+003 -0.134384E+003  0.198800E+003  0.385960E+003  0.500000E+001
 -0.364225E+003 -0.137567E+003 -0.364225E+003 -0.137567E+003  0.199302E+003  0.385919E+003  0.500000E+001
 -0.363054E+003 -0.140740E+003 -0.363054E+003 -0.140740E+003  0.199805E+003  0.385877E+003  0.500000E+001
 -0.361856E+003 -0.143903E+003 -0.361856E+003 -0.143903E+003  0.200307E+003  0.385836E+003  0.500000E+001
 -0.360630E+003 -0.147056E+003 -0.360630E+003 -0.147056E+003  0.200809E+003  0.385796E+003  0.500000E+001
 -0.359376E+003 -0.150198E+003 -0.359376E+003 -0.150198E+003  0.201311E+003  0.385755E+003  0.500000E+001
 -0.358096E+003 -0.153328E+003 -0.358096E+003 -0.153328E+003  0.201814E+003  0.385714E+003  0.500000E+001
 -0.356788E+003 -0.156447E+003 -0.356788E+003 -0.156447E+003  0.202316E+003  0.385674E+003  0.500000E+001
 -0.355452E+003 -0.159555E+003 -0.355452E+003 -0.159555E+003  0.202819E+003  0.385634E+003  0.500000E+001
 -0.354090E+003 -0.162651E+003 -0.354090E+003 -0.162651E+003  0.203321E+003  0.385593E+003  0.500000E+001
 -0.352701E+003 -0.165735E+003 -0.352701E+003 -0.165735E+003  0.203824E+003  0.385553E+003  0.500000E+001
 -0.351285E+003 -0.168807E+003 -0.351285E+003 -0.168807E+003  0.204326E+003  0.385514E+003  0.500000E+001
 -0.349842E+003 -0.171866E+003 -0.349842E+003 -0.171866E+003  0.204829E+003  0.385474E+003  0.500000E+001
 -0.348373E+003 -0.174913E+003 -0.348373E+003 -0.174913E+003  0.205332E+003  0.385434E+003  0.500000E+001
 -0.346877E+003 -0.177946E+003 -0.346877E+003 -0.177946E+003  0.205835E+003  0.385395E+003  0.500000E+001
 -0.345354E+003 -0.180967E+003 -0.345354E+003 -0.180967E+003  0.206338E+003  0.385356E+003  0.500000E+001
 -0.343805E+003 -0.183974E+003 -0.343805E+003 -0.183974E+003  0.206841E+003  0.385317E+003  0.500000E+001
 -0.342230E+003 -0.186967E+003 -0.342230E+003 -0.186967E+003  0.207343E+003  0.385278E+003  0.500000E+001
 -0.340630E+003 -0.189947E+003 -0.340630E+003 -0.189947E+003  0.207846E+003  0.385239E+003  0.500000E+001
 -0.339003E+003 -0.192912E+003 -0.339003E+003 -0.192912E+003  0.208350E+003  0.385201E+003  0.500000E+001
 -0.337350E+003 -0.195863E+003 -0.337350E+003 -0.195863E+003  0.208853E+003  0.385162E+003  0.500000E+001
 -0.335671E+003 -0.198800E+003 -0.335671E+003 -0.198800E+003  0.209356E+003  0.385124E+003  0.500000E+001
 -0.333967E+003 -0.201722E+003 -0.333967E+003 -0.201722E+003  0.209859E+003  0.385086E+003  0.500000E+001
 -0.332238E+003 -0.204629E+003 -0.332238E+003 -0.204629E+003  0.210362E+003  0.385049E+003  0.500000E+001
 -0.330483E+003 -0.207520E+003 -0.330483E+003 -0.207520E+003  0.210866E+003  0.385011E+003  0.500000E+001
 -0.328703E+003 -0.210397E+003 -0.328703E+003 -0.210397E+003  0.211369E+003  0.384974E+003  0.500000E+001
 -0.326899E+003 -0.213257E+003 -0.326899E+003 -0.213257E+003  0.211872E+003  0.384937E+003  0.500000E+001
 -0.325069E+003 -0.216102E+003 -0.325069E+003 -0.216102E+003  0.212376E+003  0.384900E+003  0.500000E+001
 -0.323214E+003 -0.218931E+003 -0.323214E+003 -0.218931E+003  0.212879E+003  0.384863E+003  0.500000E+001
 -0.321335E+003 -0.221743E+003 -0.321335E+003 -0.221743E+003  0.213383E+003  0.384826E+003  0.500000E+001
 -0.319431E+003 -0.224539E+003 -0.319431E+003 -0.224539E+003  0.213886E+003  0.384790E+003  0.500000E+001
 -0.317503E+003 -0.227318E+003 -0.317503E+003 -0.227318E+003  0.214390E+003  0.384754E+003  0.500000E+001
 -0.315551E+003 -0.230080E+003 -0.315551E+003 -0.230080E+003  0.214894E+003  0.384718E+003  0.500000E+001
 -0.313575E+003 -0.232826E+003 -0.313575E+003 -0.232826E+003  0.215398E+003  0.384682E+003  0.500000E+001
 -0.311575E+003 -0.235553E+003 -0.311575E+003 -0.235553E+003  0.215901E+003  0.384647E+003  0.500000E+001
 -0.309551E+003 -0.238264E+003 -0.309551E+003 -0.238264E+003  0.216405E+003  0.384612E+003  0.500000E+001
 -0.307504E+003 -0.240956E+003 -0.307504E+003 -0.240956E+003  0.216909E+003  0.384577E+003  0.500000E+001
 -0.305433E+003 -0.243630E+003 -0.305433E+003 -0.243630E+003  0.217413E+003  0.384542E+003  0.500000E+001
 -0.303339E+003 -0.246287E+003 -0.303339E+003 -0.246287E+003  0.217917E+003  0.384507E+003  0.500000E+001
 -0.301222E+003 -0.248925E+003 -0.301222E+003 -0.248925E+003  0.218421E+003  0.384473E+003  0.500000E+001
 -0.299082E+003 -0.251544E+003 -0.299082E+003 -0.251544E+003  0.218925E+003  0.384439E+003  0.500000E+001
 -0.296919E+003 -0.254144E+003 -0.296919E+003 -0.254144E+003  0.219429E+003  0.384405E+003  0.500000E+001
 -0.294733E+003 -0.256726E+003 -0.294733E+003 -0.256726E+003  0.219933E+003  0.384372E+003  0.500000E+001
 -0.292525E+003 -0.259288E+003 -0.292525E+003 -0.259288E+003  0.220437E+003  0.384338E+003  0.500000E+001
 -0.290295E+003 -0.261832E+003 -0.290295E+003 -0.261832E+003  0.220942E+003  0.384305E+003  0.500000E+001
 -0.288043E+003 -0.264355E+003 -0.288043E+003 -0.264355E+003  0.221446E+003  0.384272E+003  0.500000E+001
 -0.285769E+003 -0.266859E+003 -0.285769E+003 -0.266859E+003  0.221950E+003  0.384240E+003  0.500000E+001
 -0.283473E+003 -0.269343E+003 -0.283473E+003 -0.269343E+003  0.222455E+003  0.384207E+003  0.500000E+001
 -0.281155E+003 -0.271806E+003 -0.281155E+003 -0.271806E+003  0.222959E+003  0.384175E+003  0.500000E+001
 -0.278816E+003 -0.274250E+003 -0.278816E+003 -0.274250E+003  0.223464E+003  0.384144E+003  0.500000E+001
 -0.276456E+003 -0.276672E+003 -0.276456E+003 -0.276672E+003  0.223968E+003  0.384112E+003  0.500000E+001
 -0.274075E+003 -0.279075E+003 -0.274075E+003 -0.279075E+003  0.224473E+003  0.384081E+003  0.500000E+001
 -0.271672E+003 -0.281456E+003 -0.271672E+003 -0.281456E+003  0.224977E+003  0.384050E+003  0.500000E+001
 -0.269250E+003 -0.283816E+003 -0.269250E+003 -0.283816E+003  0.225482E+003  0.384019E+003  0.500000E+001
 -0.266806E+003 -0.286155E+003 -0.266806E+003 -0.286155E+003  0.225986E+003  0.383989E+003  0.500000E+001
 -0.264343E+003 -0.288473E+003 -0.264343E+003 -0.288473E+003  0.226491E+003  0.383958E+003  0.500000E+001
 -0.261859E+003 -0.290769E+003 -0.261859E+003 -0.290769E+003  0.226996E+003  0.383928E+003  0.500000E+001
 -0.259355E+003 -0.293043E+003 -0.259355E+003 -0.293043E+003  0.227501E+003  0.383899E+003  0.500000E+001
 -0.256832E+003 -0.295295E+003 -0.256832E+003 -0.295295E+003  0.228005E+003  0.383870E+003  0.500000E+001
 -0.254288E+003 -0.297525E+003 -0.254288E+003 -0.297525E+003  0.228510E+003  0.383840E+003  0.500000E+001
 -0.251726E+003 -0.299733E+003 -0.251726E+003 -0.299733E+003  0.229015E+003  0.383812E+003  0.500000E+001
 -0.249144E+003 -0.301919E+003 -0.249144E+003 -0.301919E+003  0.229520E+003  0.383783E+003  0.500000E+001
 -0.246544E+003 -0.304082E+003 -0.246544E+003 -0.304082E+003  0.230025E+003  0.383755E+003  0.500000E+001
 -0.243925E+003 -0.306222E+003 -0.243925E+003 -0.306222E+003  0.230530E+003  0.383727E+003  0.500000E+001
 -0.241287E+003 -0.308339E+003 -0.241287E+003 -0.308339E+003  0.231035E+003  0.383700E+003  0.500000E+001
 -0.238630E+003 -0.310433E+003 -0.238630E+003 -0.310433E+003  0.231540E+003  0.383672E+003  0.500000E+001
 -0.235956E+003 -0.312504E+003 -0.235956E+003 -0.312504E+003  0.232045E+003  0.383645E+003  0.500000E+001
 -0.233264E+003 -0.314551E+003 -0.233264E+003 -0.314551E+003  0.232551E+003  0.383619E+003  0.500000E+001
 -0.230553E+003 -0.316575E+003 -0.230553E+003 -0.316575E+003  0.233056E+003  0.383592E+003  0.500000E+001
 -0.227826E+003 -0.318575E+003 -0.227826E+003 -0.318575E+003  0.233561E+003  0.383566E+003  0.500000E+001
 -0.225080E+003 -0.320551E+003 -0.225080E+003 -0.320551E+003  0.234066E+003  0.383540E+003  0.500000E+001
 -0.222318E+003 -0.322503E+003 -0.222318E+003 -0.322503E+003  0.234572E+003  0.383515E+003  0.500000E+001
 -0.219539E+003 -0.324431E+003 -0.219539E+003 -0.324431E+003  0.235077E+003  0.383490E+003  0.500000E+001
 -0.216743E+003 -0.326335E+003 -0.216743E+003 -0.326335E+003  0.235582E+003  0.383465E+003  0.500000E+001
 -0.213931E+003 -0.328214E+003 -0.213931E+003 -0.328214E+003  0.236088E+003  0.383441E+003  0.500000E+001
 -0.211102E+003 -0.330069E+003 -0.211102E+003 -0.330069E+003  0.236593E+003  0.383416E+003  0.500000E+001
 -0.208257E+003 -0.331899E+003 -0.208257E+003 -0.331899E+003  0.237099E+003  0.383392E+003  0.500000E+001
 -0.205397E+003 -0.333703E+003 -0.205397E+003 -0.333703E+003  0.237604E+003  0.383369E+003  0.500000E+001
 -0.202520E+003 -0.335483E+003 -0.202520E+003 -0.335483E+003  0.238110E+003  0.383346E+003  0.500000E+001
 -0.199629E+003 -0.337238E+003 -0.199629E+003 -0.337238E+003  0.238615E+003  0.383323E+003  0.500000E+001
 -0.196722E+003 -0.338967E+003 -0.196722E+003 -0.338967E+003  0.239121E+003  0.383300E+003  0.500000E+001
 -0.193800E+003 -0.340671E+003 -0.193800E+003 -0.340671E+003  0.239626E+003  0.383278E+003  0.500000E+001
 -0.190863E+003 -0.342350E+003 -0.190863E+003 -0.342350E+003  0.240132E+003  0.383256E+003  0.500000E+001
 -0.187912E+003 -0.344003E+003 -0.187912E+003 -0.344003E+003  0.240638E+003  0.383235E+003  0.500000E+001
 -0.184947E+003 -0.345630E+003 -0.184947E+003 -0.345630E+003  0.241143E+003  0.383213E+003  0.500000E+001
 -0.181967E+003 -0.347230E+003 -0.181967E+003 -0.347230E+003  0.241649E+003  0.383192E+003  0.500000E+001
 -0.178974E+003 -0.348805E+003 -0.178974E+003 -0.348805E+003  0.242155E+003  0.383172E+003  0.500000E+001
 -0.175967E+003 -0.350354E+003 -0.175967E+003 -0.350354E+003  0.242661E+003  0.383152E+003  0.500000E+001
 -0.172946E+003 -0.351877E+003 -0.172946E+003 -0.351877E+003  0.243166E+003  0.383132E+003  0.500000E+001
 -0.169913E+003 -0.353373E+003 -0.169913E+003 -0.353373E+003  0.243672E+003  0.383112E+003  0.500000E+001
 -0.166866E+003 -0.354842E+003 -0.166866E+003 -0.354842E+003  0.244178E+003  0.383093E+003  0.500000E+001
 -0.163807E+003 -0.356285E+003 -0.163807E+003 -0.356285E+003  0.244684E+003  0.383074E+003  0.500000E+001
 -0.160735E+003 -0.357701E+003 -0.160735E+003 -0.357701E+003  0.245190E+003  0.383056E+003  0.500000E+001
 -0.157651E+003 -0.359090E+003 -0.157651E+003 -0.359090E+003  0.245696E+003  0.383038E+003  0.500000E+001
 -0.154555E+003 -0.360452E+003 -0.154555E+003 -0.360452E+003  0.246202E+003  0.383020E+003  0.500000E+001
 -0.151447E+003 -0.361788E+003 -0.151447E+003 -0.361788E+003  0.246708E+003  0.383002E+003  0.500000E+001
 -0.148328E+003 -0.363096E+003 -0.148328E+003 -0.363096E+003  0.247214E+003  0.382985E+003  0.500000E+001
 -0.145198E+003 -0.364376E+003 -0.145198E+003 -0.364376E+003  0.247720E+003  0.382969E+003  0.500000E+001
 -0.142056E+003 -0.365630E+003 -0.142056E+003 -0.365630E+003  0.248226E+003  0.382952E+003  0.500000E+001
 -0.138903E+003 -0.366856E+003 -0.138903E+003 -0.366856E+003  0.248732E+003  0.382936E+003  0.500000E+001
 -0.135740E+003 -0.368054E+003 -0.135740E+003 -0.368054E+003  0.249238E+003  0.382921E+003  0.500000E+001
 -0.132567E+003 -0.369225E+003 -0.132567E+003 -0.369225E+003  0.249744E+003  0.382905E+003  0.500000E+001
 -0.129384E+003 -0.370368E+003 -0.129384E+003 -0.370368E+003  0.250250E+003  0.382890E+003  0.500000E+001
 -0.126190E+003 -0.371483E+003 -0.126190E+003 -0.371483E+003  0.250756E+003  0.382876E+003  0.500000E+001
 -0.122987E+003 -0.372570E+003 -0.122987E+003 -0.372570E+003  0.251263E+003  0.382862E+003  0.500000E+001
 -0.119775E+003 -0.373630E+003 -0.119775E+003 -0.373630E+003  0.251769E+003  0.382848E+003  0.500000E+001
 -0.116554E+003 -0.374661E+003 -0.116554E+003 -0.374661E+003  0.252275E+003  0.382834E+003  0.500000E+001
 -0.113323E+003 -0.375664E+003 -0.113323E+003 -0.375664E+003  0.252781E+003  0.382821E+003  0.500000E+001
 -0.110084E+003 -0.376639E+003 -0.110084E+003 -0.376639E+003  0.253287E+003  0.382809E+003  0.500000E+001
 -0.106837E+003 -0.377585E+003 -0.106837E+003 -0.377585E+003  0.253794E+003  0.382796E+003  0.500000E+001
 -0.103582E+003 -0.378503E+003 -0.103582E+003 -0.378503E+003  0.254300E+003  0.382784E+003  0.500000E+001
 -0.100318E+003 -0.379393E+003 -0.100318E+003 -0.379393E+003  0.254806E+003  0.382773E+003  0.500000E+001
 -0.970473E+002 -0.380254E+003 -0.970473E+002 -0.380254E+003  0.255313E+003  0.382761E+003  0.500000E+001
 -0.937689E+002 -0.381087E+003 -0.937689E+002 -0.381087E+003  0.255819E+003  0.382750E+003  0.500000E+001
 -0.904834E+002 -0.381891E+003 -0.904834E+002 -0.381891E+003  0.256325E+003  0.382740E+003  0.500000E+001
 -0.871910E+002 -0.382666E+003 -0.871910E+002 -0.382666E+003  0.256832E+003  0.382730E+003  0.500000E+001
 -0.838920E+002 -0.383412E+003 -0.838920E+002 -0.383412E+003  0.257338E+003  0.382720E+003  0.500000E+001
 -0.805866E+002 -0.384130E+003 -0.805866E+002 -0.384130E+003  0.257844E+003  0.382711E+003  0.500000E+001
 -0.772750E+002 -0.384819E+003 -0.772750E+002 -0.384819E+003  0.258351E+003  0.382702E+003  0.500000E+001
 -0.739576E+002 -0.385479E+003 -0.739576E+002 -0.385479E+003  0.258857E+003  0.382693E+003  0.500000E+001
 -0.706345E+002 -0.386110E+003 -0.706345E+002 -0.386110E+003  0.259364E+003  0.382685E+003  0.500000E+001
 -0.673060E+002 -0.386711E+003 -0.673060E+002 -0.386711E+003  0.259870E+003  0.382677E+003  0.500000E+001
 -0.639725E+002 -0.387284E+003 -0.639725E+002 -0.387284E+003  0.260376E+003  0.382669E+003  0.500000E+001
 -0.606340E+002 -0.387828E+003 -0.606340E+002 -0.387828E+003  0.260883E+003  0.382662E+003  0.500000E+001
 -0.572909E+002 -0.388343E+003 -0.572909E+002 -0.388343E+003  0.261389E+003  0.382656E+003  0.500000E+001
 -0.539435E+002 -0.388828E+003 -0.539435E+002 -0.388828E+003  0.261896E+003  0.382649E+003  0.500000E+001
 -0.505920E+002 -0.389284E+003 -0.505920E+002 -0.389284E+003  0.262402E+003  0.382643E+003  0.500000E+001
 -0.472366E+002 -0.389711E+003 -0.472366E+002 -0.389711E+003  0.262909E+003  0.382638E+003  0.500000E+001
 -0.438776E+002 -0.390108E+003 -0.438776E+002 -0.390108E+003  0.263415E+003  0.382633E+003  0.500000E+001
 -0.405152E+002 -0.390477E+003 -0.405152E+002 -0.390477E+003  0.263922E+003  0.382628E+003  0.500000E+001
 -0.371498E+002 -0.390816E+003 -0.371498E+002 -0.390816E+003  0.264428E+003  0.382623E+003  0.500000E+001
 -0.337816E+002 -0.391125E+003 -0.337816E+002 -0.391125E+003  0.264935E+003  0.382619E+003  0.500000E+001
 -0.304107E+002 -0.391405E+003 -0.304107E+002 -0.391405E+003  0.265441E+003  0.382616E+003  0.500000E+001
 -0.270376E+002 -0.391656E+003 -0.270376E+002 -0.391656E+003  0.265948E+003  0.382612E+003  0.500000E+001
 -0.236624E+002 -0.391877E+003 -0.236624E+002 -0.391877E+003  0.266454E+003  0.382609E+003  0.500000E+001
 -0.202854E+002 -0.392069E+003 -0.202854E+002 -0.392069E+003  0.266961E+003  0.382607E+003  0.500000E+001
 -0.169069E+002 -0.392231E+003 -0.169069E+002 -0.392231E+003  0.267467E+003  0.382605E+003  0.500000E+001
 -0.135270E+002 -0.392364E+003 -0.135270E+002 -0.392364E+003  0.267974E+003  0.382603E+003  0.500000E+001
 -0.101462E+002 -0.392467E+003 -0.101462E+002 -0.392467E+003  0.268480E+003  0.382602E+003  0.500000E+001
 -0.676455E+001 -0.392541E+003 -0.676455E+001 -0.392541E+003  0.268987E+003  0.382601E+003  0.500000E+001
 -0.338241E+001 -0.392585E+003 -0.338241E+001 -0.392585E+003  0.269493E+003  0.382600E+003  0.500000E+001
  0.000000E+000 -0.392600E+003  0.000000E+000 -0.392600E+003  0.270000E+003  0.382600E+003  0.500000E+001
  0.338241E+001 -0.392585E+003  0.338241E+001 -0.392585E+003  0.270507E+003  0.382600E+003  0.500000E+001
  0.676455E+001 -0.392541E+003  0.676455E+001 -0.392541E+003  0.271013E+003  0.382601E+003  0.500000E+001
  0.101462E+002 -0.392467E+003  0.101462E+002 -0.392467E+003  0.271520E+003  0.382602E+003  0.500000E+001
  0.135270E+002 -0.392364E+003  0.135270E+002 -0.392364E+003  0.272026E+003  0.382603E+003  0.500000E+001
  0.169069E+002 -0.392231E+003  0.169069E+002 -0.392231E+003  0.272533E+003  0.382605E+003  0.500000E+001
  0.202854E+002 -0.392069E+003  0.202854E+002 -0.392069E+003  0.273039E+003  0.382607E+003  0.500000E+001
  0.236624E+002 -0.391877E+003  0.236624E+002 -0.391877E+003  0.273546E+003  0.382609E+003  0.500000E+001
  0.270376E+002 -0.391656E+003  0.270376E+002 -0.391656E+003  0.274052E+003  0.382612E+003  0.500000E+001
  0.304107E+002 -0.391405E+003  0.304107E+002 -0.391405E+003  0.274559E+003  0.382616E+003  0.500000E+001
  0.337816E+002 -0.391125E+003  0.337816E+002 -0.391125E+003  0.275065E+003  0.382619E+003  0.500000E+001
  0.371498E+002 -0.390816E+003  0.371498E+002 -0.390816E+003  0.275572E+003  0.382623E+003  0.500000E+001
  0.405152E+002 -0.390477E+003  0.405152E+002 -0.390477E+003  0.276078E+003  0.382628E+003  0.500000E+001
  0.438776E+002 -0.390108E+003  0.438776E+002 -0.390108E+003  0.276585E+003  0.382633E+003  0.500000E+001
  0.472366E+002 -0.389711E+003  0.472366E+002 -0.389711E+003  0.277091E+003  0.382638E+003  0.500000E+001
  0.505920E+002 -0.389284E+003  0.505920E+002 -0.389284E+003  0.277598E+003  0.382643E+003  0.500000E+001
  0.539435E+002 -0.388828E+003  0.539435E+002 -0.388828E+003  0.278104E+003  0.382649E+003  0.500000E+001
  0.572909E+002 -0.388343E+003  0.572909E+002 -0.388343E+003  0.278611E+003  0.382656E+003  0.500000E+001
  0.606340E+002 -0.387828E+003  0.606340E+002 -0.387828E+003  0.279117E+003  0.382662E+003  0.500000E+001
  0.639725E+002 -0.387284E+003  0.639725E+002 -0.387284E+003  0.279624E+003  0.382669E+003  0.500000E+001
  0.673060E+002 -0.386711E+003  0.673060E+002 -0.386711E+003  0.280130E+003  0.382677E+003  0.500000E+001
  0.706345E+002 -0.386110E+003  0.706345E+002 -0.386110E+003  0.280636E+003  0.382685E+003  0.500000E+001
  0.739576E+002 -0.385479E+003  0.739576E+002 -0.385479E+003  0.281143E+003  0.382693E+003  0.500000E+001
  0.772750E+002 -0.384819E+003  0.772750E+002 -0.384819E+003  0.281649E+003  0.382702E+003  0.500000E+001
  0.805866E+002 -0.384130E+003  0.805866E+002 -0.384130E+003  0.282156E+003  0.382711E+003  0.500000E+001
  0.838920E+002 -0.383412E+003  0.838920E+002 -0.383412E+003  0.282662E+003  0.382720E+003  0.500000E+001
  0.871910E+002 -0.382666E+003  0.871910E+002 -0.382666E+003  0.283168E+003  0.382730E+003  0.500000E+001
  0.904834E+002 -0.381891E+003  0.904834E+002 -0.381891E+003  0.283675E+003  0.382740E+003  0.500000E+001
  0.937689E+002 -0.381087E+003  0.937689E+002 -0.381087E+003  0.284181E+003  0.382750E+003  0.500000E+001
  0.970473E+002 -0.380254E+003  0.970473E+002 -0.380254E+003  0.284687E+003  0.382761E+003  0.500000E+001
  0.100318E+003 -0.379393E+003  0.100318E+003 -0.379393E+003  0.285194E+003  0.382773E+003  0.500000E+001
  0.103582E+003 -0.378503E+003  0.103582E+003 -0.378503E+003  0.285700E+003  0.382784E+003  0.500000E+001
  0.106837E+003 -0.377585E+003  0.106837E+003 -0.377585E+003  0.286206E+003  0.382796E+003  0.500000E+001
  0.110084E+003 -0.376639E+003  0.110084E+003 -0.376639E+003  0.286713E+003  0.382809E+003  0.500000E+001
  0.113323E+003 -0.375664E+003  0.113323E+003 -0.375664E+003  0.287219E+003  0.382821E+003  0.500000E+001
  0.116554E+003 -0.374661E+003  0.116554E+003 -0.374661E+003  0.287725E+003  0.382834E+003  0.500000E+001
  0.119775E+003 -0.373630E+003  0.119775E+003 -0.373630E+003  0.288231E+003  0.382848E+003  0.500000E+001
  0.122987E+003 -0.372570E+003  0.122987E+003 -0.372570E+003  0.288737E+003  0.382862E+003  0.500000E+001
  0.126190E+003 -0.371483E+003  0.126190E+003 -0.371483E+003  0.289244E+003  0.382876E+003  0.500000E+001
  0.129384E+003 -0.370368E+003  0.129384E+003 -0.370368E+003  0.289750E+003  0.382890E+003  0.500000E+001
  0.132567E+003 -0.369225E+003  0.132567E+003 -0.369225E+003  0.290256E+003  0.382905E+003  0.500000E+001
  0.135740E+003 -0.368054E+003  0.135740E+003 -0.368054E+003  0.290762E+003  0.382921E+003  0.500000E+001
  0.138903E+003 -0.366856E+003  0.138903E+003 -0.366856E+003  0.291268E+003  0.382936E+003  0.500000E+001
  0.142056E+003 -0.365630E+003  0.142056E+003 -0.365630E+003  0.291774E+003  0.382952E+003  0.500000E+001
  0.145198E+003 -0.364376E+003  0.145198E+003 -0.364376E+003  0.292280E+003  0.382969E+003  0.500000E+001
  0.148328E+003 -0.363096E+003  0.148328E+003 -0.363096E+003  0.292786E+003  0.382985E+003  0.500000E+001
  0.151447E+003 -0.361788E+003  0.151447E+003 -0.361788E+003  0.293292E+003  0.383002E+003  0.500000E+001
  0.154555E+003 -0.360452E+003  0.154555E+003 -0.360452E+003  0.293798E+003  0.383020E+003  0.500000E+001
  0.157651E+003 -0.359090E+003  0.157651E+003 -0.359090E+003  0.294304E+003  0.383038E+003  0.500000E+001
  0.160735E+003 -0.357701E+003  0.160735E+003 -0.357701E+003  0.294810E+003  0.383056E+003  0.500000E+001
  0.163807E+003 -0.356285E+003  0.163807E+003 -0.356285E+003  0.295316E+003  0.383074E+003  0.500000E+001
  0.166866E+003 -0.354842E+003  0.166866E+003 -0.354842E+003  0.295822E+003  0.383093E+003  0.500000E+001
  0.169913E+003 -0.353373E+003  0.169913E+003 -0.353373E+003  0.296328E+003  0.383112E+003  0.500000E+001
  0.172946E+003 -0.351877E+003  0.172946E+003 -0.351877E+003  0.296834E+003  0.383132E+003  0.500000E+001
  0.175967E+003 -0.350354E+003  0.175967E+003 -0.350354E+003  0.297339E+003  0.383152E+003  0.500000E+001
  0.178974E+003 -0.348805E+003  0.178974E+003 -0.348805E+003  0.297845E+003  0.383172E+003  0.500000E+001
  0.181967E+003 -0.347230E+003  0.181967E+003 -0.347230E+003  0.298351E+003  0.383192E+003  0.500000E+001
  0.184947E+003 -0.345630E+003  0.184947E+003 -0.345630E+003  0.298857E+003  0.383213E+003  0.500000E+001
  0.187912E+003 -0.344003E+003  0.187912E+003 -0.344003E+003  0.299362E+003  0.383235E+003  0.500000E+001
  0.190863E+003 -0.342350E+003  0.190863E+003 -0.342350E+003  0.299868E+003  0.383256E+003  0.500000E+001
  0.193800E+003 -0.340671E+003  0.193800E+003 -0.340671E+003  0.300374E+003  0.383278E+003  0.500000E+001
  0.196722E+003 -0.338967E+003  0.196722E+003 -0.338967E+003  0.300879E+003  0.383300E+003  0.500000E+001
  0.199629E+003 -0.337238E+003  0.199629E+003 -0.337238E+003  0.301385E+003  0.383323E+003  0.500000E+001
  0.202520E+003 -0.335483E+003  0.202520E+003 -0.335483E+003  0.301890E+003  0.383346E+003  0.500000E+001
  0.205397E+003 -0.333703E+003  0.205397E+003 -0.333703E+003  0.302396E+003  0.383369E+003  0.500000E+001
  0.208257E+003 -0.331899E+003  0.208257E+003 -0.331899E+003  0.302901E+003  0.383392E+003  0.500000E+001
  0.211102E+003 -0.330069E+003  0.211102E+003 -0.330069E+003  0.303407E+003  0.383416E+003  0.500000E+001
  0.213931E+003 -0.328214E+003  0.213931E+003 -0.328214E+003  0.303912E+003  0.383441E+003  0.500000E+001
  0.216743E+003 -0.326335E+003  0.216743E+003 -0.326335E+003  0.304418E+003  0.383465E+003  0.500000E+001
  0.219539E+003 -0.324431E+003  0.219539E+003 -0.324431E+003  0.304923E+003  0.383490E+003  0.500000E+001
  0.222318E+003 -0.322503E+003  0.222318E+003 -0.322503E+003  0.305428E+003  0.383515E+003  0.500000E+001
  0.225080E+003 -0.320551E+003  0.225080E+003 -0.320551E+003  0.305934E+003  0.383540E+003  0.500000E+001
  0.227826E+003 -0.318575E+003  0.227826E+003 -0.318575E+003  0.306439E+003  0.383566E+003  0.500000E+001
  0.230553E+003 -0.316575E+003  0.230553E+003 -0.316575E+003  0.306944E+003  0.383592E+003  0.500000E+001
  0.233264E+003 -0.314551E+003  0.233264E+003 -0.314551E+003  0.307449E+003  0.383619E+003  0.500000E+001
  0.235956E+003 -0.312504E+003  0.235956E+003 -0.312504E+003  0.307955E+003  0.383645E+003  0.500000E+001
  0.238630E+003 -0.310433E+003  0.238630E+003 -0.310433E+003  0.308460E+003  0.383672E+003  0.500000E+001
  0.241287E+003 -0.308339E+003  0.241287E+003 -0.308339E+003  0.308965E+003  0.383700E+003  0.500000E+001
  0.243925E+003 -0.306222E+003  0.243925E+003 -0.306222E+003  0.309470E+003  0.383727E+003  0.500000E+001
  0.246544E+003 -0.304082E+003  0.246544E+003 -0.304082E+003  0.309975E+003  0.383755E+003  0.500000E+001
  0.249144E+003 -0.301919E+003  0.249144E+003 -0.301919E+003  0.310480E+003  0.383783E+003  0.500000E+001
  0.251726E+003 -0.299733E+003  0.251726E+003 -0.299733E+003  0.310985E+003  0.383812E+003  0.500000E+001
  0.254288E+003 -0.297525E+003  0.254288E+003 -0.297525E+003  0.311490E+003  0.383840E+003  0.500000E+001
  0.256832E+003 -0.295295E+003  0.256832E+003 -0.295295E+003  0.311995E+003  0.383870E+003  0.500000E+001
  0.259355E+003 -0.293043E+003  0.259355E+003 -0.293043E+003  0.312499E+003  0.383899E+003  0.500000E+001
  0.261859E+003 -0.290769E+003  0.261859E+003 -0.290769E+003  0.313004E+003  0.383928E+003  0.500000E+001
  0.264343E+003 -0.288473E+003  0.264343E+003 -0.288473E+003  0.313509E+003  0.383958E+003  0.500000E+001
  0.266806E+003 -0.286155E+003  0.266806E+003 -0.286155E+003  0.314014E+003  0.383989E+003  0.500000E+001
  0.269250E+003 -0.283816E+003  0.269250E+003 -0.283816E+003  0.314518E+003  0.384019E+003  0.500000E+001
  0.271672E+003 -0.281456E+003  0.271672E+003 -0.281456E+003  0.315023E+003  0.384050E+003  0.500000E+001
  0.274075E+003 -0.279075E+003  0.274075E+003 -0.279075E+003  0.315527E+003  0.384081E+003  0.500000E+001
  0.276456E+003 -0.276672E+003  0.276456E+003 -0.276672E+003  0.316032E+003  0.384112E+003  0.500000E+001
  0.278816E+003 -0.274250E+003  0.278816E+003 -0.274250E+003  0.316536E+003  0.384144E+003  0.500000E+001
  0.281155E+003 -0.271806E+003  0.281155E+003 -0.271806E+003  0.317041E+003  0.384175E+003  0.500000E+001
  0.283473E+003 -0.269343E+003  0.283473E+003 -0.269343E+003  0.317545E+003  0.384207E+003  0.500000E+001
  0.285769E+003 -0.266859E+003  0.285769E+003 -0.266859E+003  0.318050E+003  0.384240E+003  0.500000E+001
  0.288043E+003 -0.264355E+003  0.288043E+003 -0.264355E+003  0.318554E+003  0.384272E+003  0.500000E+001
  0.290295E+003 -0.261832E+003  0.290295E+003 -0.261832E+003  0.319058E+003  0.384305E+003  0.500000E+001
  0.292525E+003 -0.259288E+003  0.292525E+003 -0.259288E+003  0.319563E+003  0.384338E+003  0.500000E+001
  0.294733E+003 -0.256726E+003  0.294733E+003 -0.256726E+003  0.320067E+003  0.384372E+003  0.500000E+001
  0.296919E+003 -0.254144E+003  0.296919E+003 -0.254144E+003  0.320571E+003  0.384405E+003  0.500000E+001
  0.299082E+003 -0.251544E+003  0.299082E+003 -0.251544E+003  0.321075E+003  0.384439E+003  0.500000E+001
  0.301222E+003 -0.248925E+003  0.301222E+003 -0.248925E+003  0.321579E+003  0.384473E+003  0.500000E+001
  0.303339E+003 -0.246287E+003  0.303339E+003 -0.246287E+003  0.322083E+003  0.384507E+003  0.500000E+001
  0.305433E+003 -0.243630E+003  0.305433E+003 -0.243630E+003  0.322587E+003  0.384542E+003  0.500000E+001
  0.307504E+003 -0.240956E+003  0.307504E+003 -0.240956E+003  0.323091E+003  0.384577E+003  0.500000E+001
  0.309551E+003 -0.238264E+003  0.309551E+003 -0.238264E+003  0.323595E+003  0.384612E+003  0.500000E+001
  0.311575E+003 -0.235553E+003  0.311575E+003 -0.235553E+003  0.324099E+003  0.384647E+003  0.500000E+001
  0.313575E+003 -0.232826E+003  0.313575E+003 -0.232826E+003  0.324602E+003  0.384682E+003  0.500000E+001
  0.315551E+003 -0.230080E+003  0.315551E+003 -0.230080E+003  0.325106E+003  0.384718E+003  0.500000E+001
  0.317503E+003 -0.227318E+003  0.317503E+003 -0.227318E+003  0.325610E+003  0.384754E+003  0.500000E+001
  0.319431E+003 -0.224539E+003  0.319431E+003 -0.224539E+003  0.326114E+003  0.384790E+003  0.500000E+001
  0.321335E+003 -0.221743E+003  0.321335E+003 -0.221743E+003  0.326617E+003  0.384826E+003  0.500000E+001
  0.323214E+003 -0.218931E+003  0.323214E+003 -0.218931E+003  0.327121E+003  0.384863E+003  0.500000E+001
  0.325069E+003 -0.216102E+003  0.325069E+003 -0.216102E+003  0.327624E+003  0.384900E+003  0.500000E+001
  0.326899E+003 -0.213257E+003  0.326899E+003 -0.213257E+003  0.328128E+003  0.384937E+003  0.500000E+001
  0.328703E+003 -0.210397E+003  0.328703E+003 -0.210397E+003  0.328631E+003  0.384974E+003  0.500000E+001
  0.330483E+003 -0.207520E+003  0.330483E+003 -0.207520E+003  0.329134E+003  0.385011E+003  0.500000E+001
  0.332238E+003 -0.204629E+003  0.332238E+003 -0.204629E+003  0.329638E+003  0.385049E+003  0.500000E+001
  0.333967E+003 -0.201722E+003  0.333967E+003 -0.201722E+003  0.330141E+003  0.385086E+003  0.500000E+001
  0.335671E+003 -0.198800E+003  0.335671E+003 -0.198800E+003  0.330644E+003  0.385124E+003  0.500000E+001
  0.337350E+003 -0.195863E+003  0.337350E+003 -0.195863E+003  0.331147E+003  0.385162E+003  0.500000E+001
  0.339003E+003 -0.192912E+003  0.339003E+003 -0.192912E+003  0.331650E+003  0.385201E+003  0.500000E+001
  0.340630E+003 -0.189947E+003  0.340630E+003 -0.189947E+003  0.332154E+003  0.385239E+003  0.500000E+001
  0.342230E+003 -0.186967E+003  0.342230E+003 -0.186967E+003  0.332657E+003  0.385278E+003  0.500000E+001
  0.343805E+003 -0.183974E+003  0.343805E+003 -0.183974E+003  0.333159E+003  0.385317E+003  0.500000E+001
  0.345354E+003 -0.180967E+003  0.345354E+003 -0.180967E+003  0.333662E+003  0.385356E+003  0.500000E+001
  0.346877E+003 -0.177946E+003  0.346877E+003 -0.177946E+003  0.334165E+003  0.385395E+003  0.500000E+001
  0.348373E+003 -0.174913E+003  0.348373E+003 -0.174913E+003  0.334668E+003  0.385434E+003  0.500000E+001
  0.349842E+003 -0.171866E+003  0.349842E+003 -0.171866E+003  0.335171E+003  0.385474E+003  0.500000E+001
  0.351285E+003 -0.168807E+003  0.351285E+003 -0.168807E+003  0.335674E+003  0.385514E+003  0.500000E+001
  0.352701E+003 -0.165735E+003  0.352701E+003 -0.165735E+003  0.336176E+003  0.385553E+003  0.500000E+001
  0.354090E+003 -0.162651E+003  0.354090E+003 -0.162651E+003  0.336679E+003  0.385593E+003  0.500000E+001
  0.355452E+003 -0.159555E+003  0.355452E+003 -0.159555E+003  0.337181E+003  0.385634E+003  0.500000E+001
  0.356788E+003 -0.156447E+003  0.356788E+003 -0.156447E+003  0.337684E+003  0.385674E+003  0.500000E+001
  0.358096E+003 -0.153328E+003  0.358096E+003 -0.153328E+003  0.338186E+003  0.385714E+003  0.500000E+001
  0.359376E+003 -0.150198E+003  0.359376E+003 -0.150198E+003  0.338689E+003  0.385755E+003  0.500000E+001
  0.360630E+003 -0.147056E+003  0.360630E+003 -0.147056E+003  0.339191E+003  0.385796E+003  0.500000E+001
  0.361856E+003 -0.143903E+003  0.361856E+003 -0.143903E+003  0.339693E+003  0.385836E+003  0.500000E+001
  0.363054E+003 -0.140740E+003  0.363054E+003 -0.140740E+003  0.340195E+003  0.385877E+003  0.500000E+001
  0.364225E+003 -0.137567E+003  0.364225E+003 -0.137567E+003  0.340698E+003  0.385919E+003  0.500000E+001
  0.365368E+003 -0.134384E+003  0.365368E+003 -0.134384E+003  0.341200E+003  0.385960E+003  0.500000E+001
  0.366483E+003 -0.131190E+003  0.366483E+003 -0.131190E+003  0.341702E+003  0.386001E+003  0.500000E+001
  0.367570E+003 -0.127987E+003  0.367570E+003 -0.127987E+003  0.342204E+003  0.386043E+003  0.500000E+001
  0.368630E+003 -0.124775E+003  0.368630E+003 -0.124775E+003  0.342706E+003  0.386084E+003  0.500000E+001
  0.369661E+003 -0.121554E+003  0.369661E+003 -0.121554E+003  0.343208E+003  0.386126E+003  0.500000E+001
  0.370664E+003 -0.118323E+003  0.370664E+003 -0.118323E+003  0.343709E+003  0.386168E+003  0.500000E+001
  0.371639E+003 -0.115084E+003  0.371639E+003 -0.115084E+003  0.344211E+003  0.386210E+003  0.500000E+001
  0.372585E+003 -0.111837E+003  0.372585E+003 -0.111837E+003  0.344713E+003  0.386252E+003  0.500000E+001
  0.373503E+003 -0.108582E+003  0.373503E+003 -0.108582E+003  0.345215E+003  0.386294E+003  0.500000E+001
  0.374393E+003 -0.105318E+003  0.374393E+003 -0.105318E+003  0.345716E+003  0.386336E+003  0.500000E+001
  0.375254E+003 -0.102047E+003  0.375254E+003 -0.102047E+003  0.346218E+003  0.386378E+003  0.500000E+001
  0.376087E+003 -0.987689E+002  0.376087E+003 -0.987689E+002  0.346719E+003  0.386421E+003  0.500000E+001
  0.376891E+003 -0.954834E+002  0.376891E+003 -0.954834E+002  0.347221E+003  0.386463E+003  0.500000E+001
  0.377666E+003 -0.921910E+002  0.377666E+003 -0.921910E+002  0.347722E+003  0.386506E+003  0.500000E+001
  0.378412E+003 -0.888920E+002  0.378412E+003 -0.888920E+002  0.348224E+003  0.386549E+003  0.500000E+001
  0.379130E+003 -0.855866E+002  0.379130E+003 -0.855866E+002  0.348725E+003  0.386591E+003  0.500000E+001
  0.379819E+003 -0.822750E+002  0.379819E+003 -0.822750E+002  0.349226E+003  0.386634E+003  0.500000E+001
  0.380479E+003 -0.789576E+002  0.380479E+003 -0.789576E+002  0.349727E+003  0.386677E+003  0.500000E+001
  0.381110E+003 -0.756345E+002  0.381110E+003 -0.756345E+002  0.350228E+003  0.386720E+003  0.500000E+001
  0.381711E+003 -0.723060E+002  0.381711E+003 -0.723060E+002  0.350729E+003  0.386763E+003  0.500000E+001
  0.382284E+003 -0.689725E+002  0.382284E+003 -0.689725E+002  0.351230E+003  0.386806E+003  0.500000E+001
  0.382828E+003 -0.656340E+002  0.382828E+003 -0.656340E+002  0.351731E+003  0.386849E+003  0.500000E+001
  0.383343E+003 -0.622909E+002  0.383343E+003 -0.622909E+002  0.352232E+003  0.386893E+003  0.500000E+001
  0.383828E+003 -0.589435E+002  0.383828E+003 -0.589435E+002  0.352733E+003  0.386936E+003  0.500000E+001
  0.384284E+003 -0.555920E+002  0.384284E+003 -0.555920E+002  0.353234E+003  0.386979E+003  0.500000E+001
  0.384711E+003 -0.522366E+002  0.384711E+003 -0.522366E+002  0.353735E+003  0.387022E+003  0.500000E+001
  0.385108E+003 -0.488776E+002  0.385108E+003 -0.488776E+002  0.354235E+003  0.387066E+003  0.500000E+001
  0.385477E+003 -0.455152E+002  0.385477E+003 -0.455152E+002  0.354736E+003  0.387109E+003  0.500000E+001
  0.385816E+003 -0.421498E+002  0.385816E+003 -0.421498E+002  0.355237E+003  0.387153E+003  0.500000E+001
  0.386125E+003 -0.387816E+002  0.386125E+003 -0.387816E+002  0.355737E+003  0.387196E+003  0.500000E+001
  0.386405E+003 -0.354107E+002  0.386405E+003 -0.354107E+002  0.356238E+003  0.387240E+003  0.500000E+001
  0.386656E+003 -0.320376E+002  0.386656E+003 -0.320376E+002  0.356738E+003  0.387283E+003  0.500000E+001
  0.386877E+003 -0.286624E+002  0.386877E+003 -0.286624E+002  0.357238E+003  0.387327E+003  0.500000E+001
  0.387069E+003 -0.252854E+002  0.387069E+003 -0.252854E+002  0.357739E+003  0.387371E+003  0.500000E+001
  0.387231E+003 -0.219069E+002  0.387231E+003 -0.219069E+002  0.358239E+003  0.387414E+003  0.500000E+001
