 % the field is all
% Dinn5 settings , t1, t2, t3, t4, tm, tp, eps, step, IntLimit
%   0.781250E-001  0.781250E-001  0.781250E-001  0.447284E+000  0.200000E-001  0.000000E+000  0.100000E-005  0.100000E-001  0.100000E+006
%psi, R, x, z, re(u), im(u), abs(u), re(w), im(w), abs(w), fieldCode, cp(1), cp(2), cs(1), cs(2), rho(1), rho(2), h, w
  0.449427E+003  0.100005E+002  0.100000E+000  0.000000E+000  0.295852E-006 -0.440743E-005  0.441734E-005 -0.389450E-003  0.395908E-003  0.555351E-003  0.000000E+000  0.640000E+001  0.472000E+001  0.313000E+001  0.379000E+001  0.893000E+001  0.269000E+001  0.500000E+001  0.100000E+001
  0.448854E+003  0.100020E+002  0.200000E+000  0.000000E+000  0.601110E-006 -0.879422E-005  0.881474E-005 -0.389579E-003  0.395865E-003  0.555410E-003  0.000000E+000  0.640000E+001  0.472000E+001  0.313000E+001  0.379000E+001  0.893000E+001  0.269000E+001  0.500000E+001  0.100000E+001
  0.448282E+003  0.100045E+002  0.300000E+000  0.000000E+000  0.925094E-006 -0.131398E-004  0.131723E-004 -0.389793E-003  0.395791E-003  0.555508E-003  0.000000E+000  0.640000E+001  0.472000E+001  0.313000E+001  0.379000E+001  0.893000E+001  0.269000E+001  0.500000E+001  0.100000E+001
  0.447709E+003  0.100080E+002  0.400000E+000  0.000000E+000  0.127678E-005 -0.174238E-004  0.174705E-004 -0.390094E-003  0.395684E-003  0.555643E-003  0.000000E+000  0.640000E+001  0.472000E+001  0.313000E+001  0.379000E+001  0.893000E+001  0.269000E+001  0.500000E+001  0.100000E+001
  0.447138E+003  0.100125E+002  0.500000E+000  0.000000E+000  0.166524E-005 -0.216259E-004  0.216899E-004 -0.390482E-003  0.395542E-003  0.555815E-003  0.000000E+000  0.640000E+001  0.472000E+001  0.313000E+001  0.379000E+001  0.893000E+001  0.269000E+001  0.500000E+001  0.100000E+001
  0.446566E+003  0.100180E+002  0.600000E+000  0.000000E+000  0.209869E-005 -0.257261E-004  0.258116E-004 -0.390957E-003  0.395362E-003  0.556021E-003  0.000000E+000  0.640000E+001  0.472000E+001  0.313000E+001  0.379000E+001  0.893000E+001  0.269000E+001  0.500000E+001  0.100000E+001
  0.445996E+003  0.100245E+002  0.700000E+000  0.000000E+000  0.258550E-005 -0.297048E-004  0.298172E-004 -0.391521E-003  0.395139E-003  0.556258E-003  0.000000E+000  0.640000E+001  0.472000E+001  0.313000E+001  0.379000E+001  0.893000E+001  0.269000E+001  0.500000E+001  0.100000E+001
  0.445426E+003  0.100319E+002  0.800000E+000  0.000000E+000  0.313313E-005 -0.335427E-004  0.336888E-004 -0.392173E-003  0.394868E-003  0.556526E-003  0.000000E+000  0.640000E+001  0.472000E+001  0.313000E+001  0.379000E+001  0.893000E+001  0.269000E+001  0.500000E+001  0.100000E+001
  0.444857E+003  0.100404E+002  0.900000E+000  0.000000E+000  0.374850E-005 -0.372210E-004  0.374093E-004 -0.392916E-003  0.394544E-003  0.556820E-003  0.000000E+000  0.640000E+001  0.472000E+001  0.313000E+001  0.379000E+001  0.893000E+001  0.269000E+001  0.500000E+001  0.100000E+001
  0.444289E+003  0.100499E+002  0.100000E+001  0.000000E+000  0.443804E-005 -0.407213E-004  0.409624E-004 -0.393750E-003  0.394160E-003  0.557137E-003  0.000000E+000  0.640000E+001  0.472000E+001  0.313000E+001  0.379000E+001  0.893000E+001  0.269000E+001  0.500000E+001  0.100000E+001
  0.443723E+003  0.100603E+002  0.110000E+001  0.000000E+000  0.520725E-005 -0.440258E-004  0.443327E-004 -0.394677E-003  0.393710E-003  0.557474E-003  0.000000E+000  0.640000E+001  0.472000E+001  0.313000E+001  0.379000E+001  0.893000E+001  0.269000E+001  0.500000E+001  0.100000E+001
  0.443157E+003  0.100717E+002  0.120000E+001  0.000000E+000  0.606115E-005 -0.471175E-004  0.475057E-004 -0.395695E-003  0.393186E-003  0.557826E-003  0.000000E+000  0.640000E+001  0.472000E+001  0.313000E+001  0.379000E+001  0.893000E+001  0.269000E+001  0.500000E+001  0.100000E+001
  0.442593E+003  0.100841E+002  0.130000E+001  0.000000E+000  0.700368E-005 -0.499798E-004  0.504681E-004 -0.396808E-003  0.392580E-003  0.558189E-003  0.000000E+000  0.640000E+001  0.472000E+001  0.313000E+001  0.379000E+001  0.893000E+001  0.269000E+001  0.500000E+001  0.100000E+001
  0.442030E+003  0.100975E+002  0.140000E+001  0.000000E+000  0.803768E-005 -0.525971E-004  0.532077E-004 -0.398015E-003  0.391883E-003  0.558559E-003  0.000000E+000  0.640000E+001  0.472000E+001  0.313000E+001  0.379000E+001  0.893000E+001  0.269000E+001  0.500000E+001  0.100000E+001
  0.441469E+003  0.101119E+002  0.150000E+001  0.000000E+000  0.916570E-005 -0.549544E-004  0.557136E-004 -0.399317E-003  0.391087E-003  0.558930E-003  0.000000E+000  0.640000E+001  0.472000E+001  0.313000E+001  0.379000E+001  0.893000E+001  0.269000E+001  0.500000E+001  0.100000E+001
  0.440910E+003  0.101272E+002  0.160000E+001  0.000000E+000  0.103887E-004 -0.570378E-004  0.579762E-004 -0.400715E-003  0.390182E-003  0.559298E-003  0.000000E+000  0.640000E+001  0.472000E+001  0.313000E+001  0.379000E+001  0.893000E+001  0.269000E+001  0.500000E+001  0.100000E+001
  0.440352E+003  0.101435E+002  0.170000E+001  0.000000E+000  0.117073E-004 -0.588341E-004  0.599876E-004 -0.402206E-003  0.389159E-003  0.559655E-003  0.000000E+000  0.640000E+001  0.472000E+001  0.313000E+001  0.379000E+001  0.893000E+001  0.269000E+001  0.500000E+001  0.100000E+001
  0.439796E+003  0.101607E+002  0.180000E+001  0.000000E+000  0.131206E-004 -0.603310E-004  0.617413E-004 -0.403793E-003  0.388007E-003  0.559998E-003  0.000000E+000  0.640000E+001  0.472000E+001  0.313000E+001  0.379000E+001  0.893000E+001  0.269000E+001  0.500000E+001  0.100000E+001
  0.439242E+003  0.101789E+002  0.190000E+001  0.000000E+000  0.146266E-004 -0.615175E-004  0.632325E-004 -0.405474E-003  0.386716E-003  0.560320E-003  0.000000E+000  0.640000E+001  0.472000E+001  0.313000E+001  0.379000E+001  0.893000E+001  0.269000E+001  0.500000E+001  0.100000E+001
  0.438690E+003  0.101980E+002  0.200000E+001  0.000000E+000  0.162218E-004 -0.623835E-004  0.644581E-004 -0.407250E-003  0.385276E-003  0.560616E-003  0.000000E+000  0.640000E+001  0.472000E+001  0.313000E+001  0.379000E+001  0.893000E+001  0.269000E+001  0.500000E+001  0.100000E+001
  0.438140E+003  0.102181E+002  0.210000E+001  0.000000E+000  0.179043E-004 -0.629199E-004  0.654177E-004 -0.409115E-003  0.383677E-003  0.560877E-003  0.000000E+000  0.640000E+001  0.472000E+001  0.313000E+001  0.379000E+001  0.893000E+001  0.269000E+001  0.500000E+001  0.100000E+001
  0.437593E+003  0.102391E+002  0.220000E+001  0.000000E+000  0.196664E-004 -0.631190E-004  0.661119E-004 -0.411073E-003  0.381908E-003  0.561102E-003  0.000000E+000  0.640000E+001  0.472000E+001  0.313000E+001  0.379000E+001  0.893000E+001  0.269000E+001  0.500000E+001  0.100000E+001
  0.437047E+003  0.102611E+002  0.230000E+001  0.000000E+000  0.215042E-004 -0.629741E-004  0.665445E-004 -0.413118E-003  0.379958E-003  0.561280E-003  0.000000E+000  0.640000E+001  0.472000E+001  0.313000E+001  0.379000E+001  0.893000E+001  0.269000E+001  0.500000E+001  0.100000E+001
  0.436504E+003  0.102840E+002  0.240000E+001  0.000000E+000  0.234104E-004 -0.624799E-004  0.667217E-004 -0.415247E-003  0.377817E-003  0.561406E-003  0.000000E+000  0.640000E+001  0.472000E+001  0.313000E+001  0.379000E+001  0.893000E+001  0.269000E+001  0.500000E+001  0.100000E+001
  0.435964E+003  0.103078E+002  0.250000E+001  0.000000E+000  0.253767E-004 -0.616322E-004  0.666521E-004 -0.417458E-003  0.375475E-003  0.561474E-003  0.000000E+000  0.640000E+001  0.472000E+001  0.313000E+001  0.379000E+001  0.893000E+001  0.269000E+001  0.500000E+001  0.100000E+001
  0.435426E+003  0.103325E+002  0.260000E+001  0.000000E+000  0.273938E-004 -0.604284E-004  0.663476E-004 -0.419747E-003  0.372922E-003  0.561479E-003  0.000000E+000  0.640000E+001  0.472000E+001  0.313000E+001  0.379000E+001  0.893000E+001  0.269000E+001  0.500000E+001  0.100000E+001
  0.434890E+003  0.103581E+002  0.270000E+001  0.000000E+000  0.294513E-004 -0.588672E-004  0.658234E-004 -0.422110E-003  0.370148E-003  0.561415E-003  0.000000E+000  0.640000E+001  0.472000E+001  0.313000E+001  0.379000E+001  0.893000E+001  0.269000E+001  0.500000E+001  0.100000E+001
  0.434358E+003  0.103846E+002  0.280000E+001  0.000000E+000  0.315414E-004 -0.569482E-004  0.650996E-004 -0.424537E-003  0.367145E-003  0.561273E-003  0.000000E+000  0.640000E+001  0.472000E+001  0.313000E+001  0.379000E+001  0.893000E+001  0.269000E+001  0.500000E+001  0.100000E+001
  0.433828E+003  0.104120E+002  0.290000E+001  0.000000E+000  0.336490E-004 -0.546734E-004  0.641984E-004 -0.427028E-003  0.363903E-003  0.561051E-003  0.000000E+000  0.640000E+001  0.472000E+001  0.313000E+001  0.379000E+001  0.893000E+001  0.269000E+001  0.500000E+001  0.100000E+001
  0.433301E+003  0.104403E+002  0.300000E+001  0.000000E+000  0.357630E-004 -0.520456E-004  0.631485E-004 -0.429574E-003  0.360414E-003  0.560743E-003  0.000000E+000  0.640000E+001  0.472000E+001  0.313000E+001  0.379000E+001  0.893000E+001  0.269000E+001  0.500000E+001  0.100000E+001
  0.432777E+003  0.104695E+002  0.310000E+001  0.000000E+000  0.378718E-004 -0.490692E-004  0.619843E-004 -0.432166E-003  0.356672E-003  0.560341E-003  0.000000E+000  0.640000E+001  0.472000E+001  0.313000E+001  0.379000E+001  0.893000E+001  0.269000E+001  0.500000E+001  0.100000E+001
  0.432255E+003  0.104995E+002  0.320000E+001  0.000000E+000  0.399618E-004 -0.457501E-004  0.607455E-004 -0.434796E-003  0.352669E-003  0.559842E-003  0.000000E+000  0.640000E+001  0.472000E+001  0.313000E+001  0.379000E+001  0.893000E+001  0.269000E+001  0.500000E+001  0.100000E+001
  0.431737E+003  0.105304E+002  0.330000E+001  0.000000E+000  0.420163E-004 -0.420962E-004  0.594766E-004 -0.437458E-003  0.348399E-003  0.559242E-003  0.000000E+000  0.640000E+001  0.472000E+001  0.313000E+001  0.379000E+001  0.893000E+001  0.269000E+001  0.500000E+001  0.100000E+001
  0.431222E+003  0.105622E+002  0.340000E+001  0.000000E+000  0.440222E-004 -0.381167E-004  0.582309E-004 -0.440142E-003  0.343858E-003  0.558536E-003  0.000000E+000  0.640000E+001  0.472000E+001  0.313000E+001  0.379000E+001  0.893000E+001  0.269000E+001  0.500000E+001  0.100000E+001
  0.430710E+003  0.105948E+002  0.350000E+001  0.000000E+000  0.459667E-004 -0.338222E-004  0.570690E-004 -0.442834E-003  0.339042E-003  0.557719E-003  0.000000E+000  0.640000E+001  0.472000E+001  0.313000E+001  0.379000E+001  0.893000E+001  0.269000E+001  0.500000E+001  0.100000E+001
  0.430201E+003  0.106283E+002  0.360000E+001  0.000000E+000  0.478291E-004 -0.292258E-004  0.560515E-004 -0.445529E-003  0.333947E-003  0.556791E-003  0.000000E+000  0.640000E+001  0.472000E+001  0.313000E+001  0.379000E+001  0.893000E+001  0.269000E+001  0.500000E+001  0.100000E+001
  0.429696E+003  0.106626E+002  0.370000E+001  0.000000E+000  0.495985E-004 -0.243413E-004  0.552496E-004 -0.448211E-003  0.328573E-003  0.555746E-003  0.000000E+000  0.640000E+001  0.472000E+001  0.313000E+001  0.379000E+001  0.893000E+001  0.269000E+001  0.500000E+001  0.100000E+001
  0.429193E+003  0.106977E+002  0.380000E+001  0.000000E+000  0.512564E-004 -0.191851E-004  0.547292E-004 -0.450871E-003  0.322918E-003  0.554582E-003  0.000000E+000  0.640000E+001  0.472000E+001  0.313000E+001  0.379000E+001  0.893000E+001  0.269000E+001  0.500000E+001  0.100000E+001
  0.428694E+003  0.107336E+002  0.390000E+001  0.000000E+000  0.527865E-004 -0.137751E-004  0.545543E-004 -0.453497E-003  0.316985E-003  0.553298E-003  0.000000E+000  0.640000E+001  0.472000E+001  0.313000E+001  0.379000E+001  0.893000E+001  0.269000E+001  0.500000E+001  0.100000E+001
  0.428199E+003  0.107703E+002  0.400000E+001  0.000000E+000  0.541785E-004 -0.812971E-005  0.547851E-004 -0.456071E-003  0.310776E-003  0.551889E-003  0.000000E+000  0.640000E+001  0.472000E+001  0.313000E+001  0.379000E+001  0.893000E+001  0.269000E+001  0.500000E+001  0.100000E+001
  0.427706E+003  0.108079E+002  0.410000E+001  0.000000E+000  0.554087E-004 -0.227171E-005  0.554552E-004 -0.458586E-003  0.304293E-003  0.550360E-003  0.000000E+000  0.640000E+001  0.472000E+001  0.313000E+001  0.379000E+001  0.893000E+001  0.269000E+001  0.500000E+001  0.100000E+001
  0.427218E+003  0.108462E+002  0.420000E+001  0.000000E+000  0.564700E-004  0.377768E-005  0.565962E-004 -0.461023E-003  0.297544E-003  0.548703E-003  0.000000E+000  0.640000E+001  0.472000E+001  0.313000E+001  0.379000E+001  0.893000E+001  0.269000E+001  0.500000E+001  0.100000E+001
  0.426732E+003  0.108853E+002  0.430000E+001  0.000000E+000  0.573425E-004  0.999324E-005  0.582068E-004 -0.463372E-003  0.290536E-003  0.546923E-003  0.000000E+000  0.640000E+001  0.472000E+001  0.313000E+001  0.379000E+001  0.893000E+001  0.269000E+001  0.500000E+001  0.100000E+001
  0.426251E+003  0.109252E+002  0.440000E+001  0.000000E+000  0.580153E-004  0.163503E-004  0.602753E-004 -0.465617E-003  0.283276E-003  0.545018E-003  0.000000E+000  0.640000E+001  0.472000E+001  0.313000E+001  0.379000E+001  0.893000E+001  0.269000E+001  0.500000E+001  0.100000E+001
  0.425772E+003  0.109659E+002  0.450000E+001  0.000000E+000  0.584763E-004  0.228233E-004  0.627724E-004 -0.467744E-003  0.275775E-003  0.542988E-003  0.000000E+000  0.640000E+001  0.472000E+001  0.313000E+001  0.379000E+001  0.893000E+001  0.269000E+001  0.500000E+001  0.100000E+001
  0.425298E+003  0.110073E+002  0.460000E+001  0.000000E+000  0.587147E-004  0.293872E-004  0.656584E-004 -0.469739E-003  0.268044E-003  0.540835E-003  0.000000E+000  0.640000E+001  0.472000E+001  0.313000E+001  0.379000E+001  0.893000E+001  0.269000E+001  0.500000E+001  0.100000E+001
  0.424826E+003  0.110494E+002  0.470000E+001  0.000000E+000  0.587226E-004  0.360197E-004  0.688895E-004 -0.471590E-003  0.260092E-003  0.538559E-003  0.000000E+000  0.640000E+001  0.472000E+001  0.313000E+001  0.379000E+001  0.893000E+001  0.269000E+001  0.500000E+001  0.100000E+001
  0.424359E+003  0.110923E+002  0.480000E+001  0.000000E+000  0.584924E-004  0.427036E-004  0.724221E-004 -0.473289E-003  0.251928E-003  0.536162E-003  0.000000E+000  0.640000E+001  0.472000E+001  0.313000E+001  0.379000E+001  0.893000E+001  0.269000E+001  0.500000E+001  0.100000E+001
  0.423895E+003  0.111360E+002  0.490000E+001  0.000000E+000  0.580316E-004  0.494368E-004  0.762343E-004 -0.474822E-003  0.243556E-003  0.533643E-003  0.000000E+000  0.640000E+001  0.472000E+001  0.313000E+001  0.379000E+001  0.893000E+001  0.269000E+001  0.500000E+001  0.100000E+001
  0.423435E+003  0.111803E+002  0.500000E+001  0.000000E+000  0.573447E-004  0.562389E-004  0.803195E-004 -0.476190E-003  0.234965E-003  0.531004E-003  0.000000E+000  0.640000E+001  0.472000E+001  0.313000E+001  0.379000E+001  0.893000E+001  0.269000E+001  0.500000E+001  0.100000E+001
  0.422978E+003  0.112254E+002  0.510000E+001  0.000000E+000  0.564616E-004  0.631830E-004  0.847349E-004 -0.477396E-003  0.226119E-003  0.528240E-003  0.000000E+000  0.640000E+001  0.472000E+001  0.313000E+001  0.379000E+001  0.893000E+001  0.269000E+001  0.500000E+001  0.100000E+001
  0.422526E+003  0.112712E+002  0.520000E+001  0.000000E+000  0.554380E-004  0.704493E-004  0.896464E-004 -0.478466E-003  0.216923E-003  0.525343E-003  0.000000E+000  0.640000E+001  0.472000E+001  0.313000E+001  0.379000E+001  0.893000E+001  0.269000E+001  0.500000E+001  0.100000E+001
  0.422076E+003  0.113177E+002  0.530000E+001  0.000000E+000  0.544086E-004  0.784756E-004  0.954920E-004 -0.479458E-003  0.207138E-003  0.522290E-003  0.000000E+000  0.640000E+001  0.472000E+001  0.313000E+001  0.379000E+001  0.893000E+001  0.269000E+001  0.500000E+001  0.100000E+001
  0.421631E+003  0.113649E+002  0.540000E+001  0.000000E+000  0.536758E-004  0.883928E-004  0.103414E-003 -0.480544E-003  0.196131E-003  0.519028E-003  0.000000E+000  0.640000E+001  0.472000E+001  0.313000E+001  0.379000E+001  0.893000E+001  0.269000E+001  0.500000E+001  0.100000E+001
  0.421189E+003  0.114127E+002  0.550000E+001  0.000000E+000  0.542324E-004  0.103930E-003  0.117229E-003 -0.482268E-003  0.181801E-003  0.515397E-003  0.000000E+000  0.640000E+001  0.472000E+001  0.313000E+001  0.379000E+001  0.893000E+001  0.269000E+001  0.500000E+001  0.100000E+001
  0.420751E+003  0.114612E+002  0.560000E+001  0.000000E+000  0.645124E-004  0.157183E-003  0.169907E-003 -0.489397E-003  0.146004E-003  0.510712E-003  0.000000E+000  0.640000E+001  0.472000E+001  0.313000E+001  0.379000E+001  0.893000E+001  0.269000E+001  0.500000E+001  0.100000E+001
  0.420317E+003  0.115104E+002  0.570000E+001  0.000000E+000  0.163088E-003  0.919546E-004  0.187226E-003 -0.547008E-003  0.176646E-003  0.574823E-003  0.000000E+000  0.640000E+001  0.472000E+001  0.313000E+001  0.379000E+001  0.893000E+001  0.269000E+001  0.500000E+001  0.100000E+001
  0.419886E+003  0.115603E+002  0.580000E+001  0.000000E+000  0.157101E-003  0.195996E-004  0.158319E-003 -0.545890E-003  0.212697E-003  0.585863E-003  0.000000E+000  0.640000E+001  0.472000E+001  0.313000E+001  0.379000E+001  0.893000E+001  0.269000E+001  0.500000E+001  0.100000E+001
  0.419459E+003  0.116108E+002  0.590000E+001  0.000000E+000  0.122331E-003 -0.381345E-004  0.128137E-003 -0.527612E-003  0.241543E-003  0.580274E-003  0.000000E+000  0.640000E+001  0.472000E+001  0.313000E+001  0.379000E+001  0.893000E+001  0.269000E+001  0.500000E+001  0.100000E+001
  0.419036E+003  0.116619E+002  0.600000E+001  0.000000E+000  0.693808E-004 -0.805875E-004  0.106339E-003 -0.497677E-003  0.262351E-003  0.562592E-003  0.000000E+000  0.640000E+001  0.472000E+001  0.313000E+001  0.379000E+001  0.893000E+001  0.269000E+001  0.500000E+001  0.100000E+001
  0.418617E+003  0.117137E+002  0.610000E+001  0.000000E+000  0.483113E-005 -0.106720E-003  0.106829E-003 -0.459553E-003  0.274030E-003  0.535053E-003  0.000000E+000  0.640000E+001  0.472000E+001  0.313000E+001  0.379000E+001  0.893000E+001  0.269000E+001  0.500000E+001  0.100000E+001
  0.418201E+003  0.117661E+002  0.620000E+001  0.000000E+000 -0.658632E-004 -0.116306E-003  0.133660E-003 -0.416270E-003  0.275954E-003  0.499431E-003  0.000000E+000  0.640000E+001  0.472000E+001  0.313000E+001  0.379000E+001  0.893000E+001  0.269000E+001  0.500000E+001  0.100000E+001
  0.417789E+003  0.118191E+002  0.630000E+001  0.000000E+000 -0.138047E-003 -0.110164E-003  0.176616E-003 -0.370581E-003  0.268144E-003  0.457418E-003  0.000000E+000  0.640000E+001  0.472000E+001  0.313000E+001  0.379000E+001  0.893000E+001  0.269000E+001  0.500000E+001  0.100000E+001
  0.417381E+003  0.118727E+002  0.640000E+001  0.000000E+000 -0.207935E-003 -0.900102E-004  0.226580E-003 -0.324860E-003  0.251229E-003  0.410670E-003  0.000000E+000  0.640000E+001  0.472000E+001  0.313000E+001  0.379000E+001  0.893000E+001  0.269000E+001  0.500000E+001  0.100000E+001
  0.416976E+003  0.119269E+002  0.650000E+001  0.000000E+000 -0.272720E-003 -0.581614E-004  0.278853E-003 -0.281003E-003  0.226295E-003  0.360794E-003  0.000000E+000  0.640000E+001  0.472000E+001  0.313000E+001  0.379000E+001  0.893000E+001  0.269000E+001  0.500000E+001  0.100000E+001
  0.416575E+003  0.119817E+002  0.660000E+001  0.000000E+000 -0.330554E-003 -0.172042E-004  0.331001E-003 -0.240381E-003  0.194702E-003  0.309341E-003  0.000000E+000  0.640000E+001  0.472000E+001  0.313000E+001  0.379000E+001  0.893000E+001  0.269000E+001  0.500000E+001  0.100000E+001
  0.416178E+003  0.120370E+002  0.670000E+001  0.000000E+000 -0.380447E-003  0.302819E-004  0.381651E-003 -0.203868E-003  0.157907E-003  0.257869E-003  0.000000E+000  0.640000E+001  0.472000E+001  0.313000E+001  0.379000E+001  0.893000E+001  0.269000E+001  0.500000E+001  0.100000E+001
  0.415784E+003  0.120930E+002  0.680000E+001  0.000000E+000 -0.422099E-003  0.819244E-004  0.429976E-003 -0.171905E-003  0.117328E-003  0.208128E-003  0.000000E+000  0.640000E+001  0.472000E+001  0.313000E+001  0.379000E+001  0.893000E+001  0.269000E+001  0.500000E+001  0.100000E+001
  0.415394E+003  0.121495E+002  0.690000E+001  0.000000E+000 -0.455716E-003  0.135668E-003  0.475482E-003 -0.144599E-003  0.742618E-004  0.162553E-003  0.000000E+000  0.640000E+001  0.472000E+001  0.313000E+001  0.379000E+001  0.893000E+001  0.269000E+001  0.500000E+001  0.100000E+001
  0.415008E+003  0.122066E+002  0.700000E+001  0.000000E+000 -0.481848E-003  0.189819E-003  0.517889E-003 -0.121805E-003  0.298319E-004  0.125404E-003  0.000000E+000  0.640000E+001  0.472000E+001  0.313000E+001  0.379000E+001  0.893000E+001  0.269000E+001  0.500000E+001  0.100000E+001
  0.414625E+003  0.122642E+002  0.710000E+001  0.000000E+000 -0.501253E-003  0.243038E-003  0.557066E-003 -0.103210E-003 -0.150217E-004  0.104297E-003  0.000000E+000  0.640000E+001  0.472000E+001  0.313000E+001  0.379000E+001  0.893000E+001  0.269000E+001  0.500000E+001  0.100000E+001
  0.414246E+003  0.123223E+002  0.720000E+001  0.000000E+000 -0.514787E-003  0.294315E-003  0.592981E-003 -0.884015E-004 -0.595418E-004  0.106584E-003  0.000000E+000  0.640000E+001  0.472000E+001  0.313000E+001  0.379000E+001  0.893000E+001  0.269000E+001  0.500000E+001  0.100000E+001
  0.413871E+003  0.123810E+002  0.730000E+001  0.000000E+000 -0.523333E-003  0.342921E-003  0.625677E-003 -0.769103E-004 -0.103136E-003  0.128656E-003  0.000000E+000  0.640000E+001  0.472000E+001  0.313000E+001  0.379000E+001  0.893000E+001  0.269000E+001  0.500000E+001  0.100000E+001
  0.413499E+003  0.124403E+002  0.740000E+001  0.000000E+000 -0.527749E-003  0.388362E-003  0.655243E-003 -0.682515E-004 -0.145358E-003  0.160584E-003  0.000000E+000  0.640000E+001  0.472000E+001  0.313000E+001  0.379000E+001  0.893000E+001  0.269000E+001  0.500000E+001  0.100000E+001
  0.413130E+003  0.125000E+002  0.750000E+001  0.000000E+000 -0.528837E-003  0.430337E-003  0.681805E-003 -0.619493E-004 -0.185886E-003  0.195937E-003  0.000000E+000  0.640000E+001  0.472000E+001  0.313000E+001  0.379000E+001  0.893000E+001  0.269000E+001  0.500000E+001  0.100000E+001
  0.412765E+003  0.125603E+002  0.760000E+001  0.000000E+000 -0.527326E-003  0.468692E-003  0.705511E-003 -0.575490E-004 -0.224497E-003  0.231756E-003  0.000000E+000  0.640000E+001  0.472000E+001  0.313000E+001  0.379000E+001  0.893000E+001  0.269000E+001  0.500000E+001  0.100000E+001
  0.412404E+003  0.126210E+002  0.770000E+001  0.000000E+000 -0.523860E-003  0.503394E-003  0.726522E-003 -0.546349E-004 -0.261055E-003  0.266711E-003  0.000000E+000  0.640000E+001  0.472000E+001  0.313000E+001  0.379000E+001  0.893000E+001  0.269000E+001  0.500000E+001  0.100000E+001
  0.412046E+003  0.126823E+002  0.780000E+001  0.000000E+000 -0.518994E-003  0.534493E-003  0.745008E-003 -0.528321E-004 -0.295489E-003  0.300175E-003  0.000000E+000  0.640000E+001  0.472000E+001  0.313000E+001  0.379000E+001  0.893000E+001  0.269000E+001  0.500000E+001  0.100000E+001
  0.411691E+003  0.127440E+002  0.790000E+001  0.000000E+000 -0.513203E-003  0.562103E-003  0.761142E-003 -0.518089E-004 -0.327781E-003  0.331850E-003  0.000000E+000  0.640000E+001  0.472000E+001  0.313000E+001  0.379000E+001  0.893000E+001  0.269000E+001  0.500000E+001  0.100000E+001
  0.411340E+003  0.128062E+002  0.800000E+001  0.000000E+000 -0.506876E-003  0.586384E-003  0.775093E-003 -0.512818E-004 -0.357951E-003  0.361606E-003  0.000000E+000  0.640000E+001  0.472000E+001  0.313000E+001  0.379000E+001  0.893000E+001  0.269000E+001  0.500000E+001  0.100000E+001
  0.410993E+003  0.128690E+002  0.810000E+001  0.000000E+000 -0.500327E-003  0.607524E-003  0.787028E-003 -0.510146E-004 -0.386052E-003  0.389408E-003  0.000000E+000  0.640000E+001  0.472000E+001  0.313000E+001  0.379000E+001  0.893000E+001  0.269000E+001  0.500000E+001  0.100000E+001
  0.410648E+003  0.129321E+002  0.820000E+001  0.000000E+000 -0.493793E-003  0.625730E-003  0.797101E-003 -0.508193E-004 -0.412159E-003  0.415280E-003  0.000000E+000  0.640000E+001  0.472000E+001  0.313000E+001  0.379000E+001  0.893000E+001  0.269000E+001  0.500000E+001  0.100000E+001
  0.410307E+003  0.129958E+002  0.830000E+001  0.000000E+000 -0.487440E-003  0.641222E-003  0.805458E-003 -0.505602E-004 -0.436365E-003  0.439285E-003  0.000000E+000  0.640000E+001  0.472000E+001  0.313000E+001  0.379000E+001  0.893000E+001  0.269000E+001  0.500000E+001  0.100000E+001
  0.409970E+003  0.130599E+002  0.840000E+001  0.000000E+000 -0.481362E-003  0.654221E-003  0.812228E-003 -0.501510E-004 -0.458774E-003  0.461507E-003  0.000000E+000  0.640000E+001  0.472000E+001  0.313000E+001  0.379000E+001  0.893000E+001  0.269000E+001  0.500000E+001  0.100000E+001
  0.409635E+003  0.131244E+002  0.850000E+001  0.000000E+000 -0.475555E-003  0.664964E-003  0.817514E-003 -0.495897E-004 -0.479511E-003  0.482068E-003  0.000000E+000  0.640000E+001  0.472000E+001  0.313000E+001  0.379000E+001  0.893000E+001  0.269000E+001  0.500000E+001  0.100000E+001
  0.409304E+003  0.131894E+002  0.860000E+001  0.000000E+000 -0.469875E-003  0.673709E-003  0.821381E-003 -0.489934E-004 -0.498731E-003  0.501131E-003  0.000000E+000  0.640000E+001  0.472000E+001  0.313000E+001  0.379000E+001  0.893000E+001  0.269000E+001  0.500000E+001  0.100000E+001
  0.408977E+003  0.132548E+002  0.870000E+001  0.000000E+000 -0.463863E-003  0.680791E-003  0.823799E-003 -0.487562E-004 -0.516663E-003  0.518959E-003  0.000000E+000  0.640000E+001  0.472000E+001  0.313000E+001  0.379000E+001  0.893000E+001  0.269000E+001  0.500000E+001  0.100000E+001
  0.408652E+003  0.133207E+002  0.880000E+001  0.000000E+000 -0.455816E-003  0.686929E-003  0.824402E-003 -0.503878E-004 -0.533890E-003  0.536263E-003  0.000000E+000  0.640000E+001  0.472000E+001  0.313000E+001  0.379000E+001  0.893000E+001  0.269000E+001  0.500000E+001  0.100000E+001
  0.408331E+003  0.133869E+002  0.890000E+001  0.000000E+000 -0.438179E-003  0.678400E-003  0.807605E-003 -0.606761E-004 -0.538171E-003  0.541581E-003  0.000000E+000  0.640000E+001  0.472000E+001  0.313000E+001  0.379000E+001  0.893000E+001  0.269000E+001  0.500000E+001  0.100000E+001
  0.408013E+003  0.134536E+002  0.900000E+001  0.000000E+000 -0.441377E-003  0.665490E-003  0.798555E-003 -0.525239E-004 -0.538322E-003  0.540878E-003  0.000000E+000  0.640000E+001  0.472000E+001  0.313000E+001  0.379000E+001  0.893000E+001  0.269000E+001  0.500000E+001  0.100000E+001
  0.407698E+003  0.135207E+002  0.910000E+001  0.000000E+000 -0.446950E-003  0.656580E-003  0.794268E-003 -0.421081E-004 -0.541839E-003  0.543472E-003  0.000000E+000  0.640000E+001  0.472000E+001  0.313000E+001  0.379000E+001  0.893000E+001  0.269000E+001  0.500000E+001  0.100000E+001
  0.407386E+003  0.135882E+002  0.920000E+001  0.000000E+000 -0.453762E-003  0.648852E-003  0.791776E-003 -0.304021E-004 -0.546246E-003  0.547092E-003  0.000000E+000  0.640000E+001  0.472000E+001  0.313000E+001  0.379000E+001  0.893000E+001  0.269000E+001  0.500000E+001  0.100000E+001
  0.407077E+003  0.136561E+002  0.930000E+001  0.000000E+000 -0.461439E-003  0.641529E-003  0.790244E-003 -0.177184E-004 -0.550859E-003  0.551144E-003  0.000000E+000  0.640000E+001  0.472000E+001  0.313000E+001  0.379000E+001  0.893000E+001  0.269000E+001  0.500000E+001  0.100000E+001
  0.406771E+003  0.137244E+002  0.940000E+001  0.000000E+000 -0.469781E-003  0.634260E-003  0.789291E-003 -0.421820E-005 -0.555360E-003  0.555376E-003  0.000000E+000  0.640000E+001  0.472000E+001  0.313000E+001  0.379000E+001  0.893000E+001  0.269000E+001  0.500000E+001  0.100000E+001
  0.406469E+003  0.137931E+002  0.950000E+001  0.000000E+000 -0.478656E-003  0.626856E-003  0.788707E-003  0.999078E-005 -0.559567E-003  0.559656E-003  0.000000E+000  0.640000E+001  0.472000E+001  0.313000E+001  0.379000E+001  0.893000E+001  0.269000E+001  0.500000E+001  0.100000E+001
  0.406169E+003  0.138622E+002  0.960000E+001  0.000000E+000 -0.487963E-003  0.619199E-003  0.788362E-003  0.248281E-004 -0.563367E-003  0.563914E-003  0.000000E+000  0.640000E+001  0.472000E+001  0.313000E+001  0.379000E+001  0.893000E+001  0.269000E+001  0.500000E+001  0.100000E+001
  0.405872E+003  0.139316E+002  0.970000E+001  0.000000E+000 -0.497622E-003  0.611215E-003  0.788170E-003  0.402312E-004 -0.566676E-003  0.568103E-003  0.000000E+000  0.640000E+001  0.472000E+001  0.313000E+001  0.379000E+001  0.893000E+001  0.269000E+001  0.500000E+001  0.100000E+001
  0.405579E+003  0.140014E+002  0.980000E+001  0.000000E+000 -0.507567E-003  0.602855E-003  0.788072E-003  0.561414E-004 -0.569439E-003  0.572200E-003  0.000000E+000  0.640000E+001  0.472000E+001  0.313000E+001  0.379000E+001  0.893000E+001  0.269000E+001  0.500000E+001  0.100000E+001
  0.405288E+003  0.140716E+002  0.990000E+001  0.000000E+000 -0.517739E-003  0.594083E-003  0.788028E-003  0.725085E-004 -0.571611E-003  0.576191E-003  0.000000E+000  0.640000E+001  0.472000E+001  0.313000E+001  0.379000E+001  0.893000E+001  0.269000E+001  0.500000E+001  0.100000E+001
  0.405000E+003  0.141421E+002  0.100000E+002  0.000000E+000 -0.528087E-003  0.584876E-003  0.788007E-003  0.892891E-004 -0.573153E-003  0.580066E-003  0.000000E+000  0.640000E+001  0.472000E+001  0.313000E+001  0.379000E+001  0.893000E+001  0.269000E+001  0.500000E+001  0.100000E+001
  0.404715E+003  0.142130E+002  0.101000E+002  0.000000E+000 -0.538561E-003  0.575218E-003  0.787988E-003  0.106440E-003 -0.574035E-003  0.583820E-003  0.000000E+000  0.640000E+001  0.472000E+001  0.313000E+001  0.379000E+001  0.893000E+001  0.269000E+001  0.500000E+001  0.100000E+001
  0.404433E+003  0.142843E+002  0.102000E+002  0.000000E+000 -0.549120E-003  0.565099E-003  0.787953E-003  0.123920E-003 -0.574235E-003  0.587454E-003  0.000000E+000  0.640000E+001  0.472000E+001  0.313000E+001  0.379000E+001  0.893000E+001  0.269000E+001  0.500000E+001  0.100000E+001
  0.404153E+003  0.143558E+002  0.103000E+002  0.000000E+000 -0.559724E-003  0.554512E-003  0.787892E-003  0.141685E-003 -0.573736E-003  0.590972E-003  0.000000E+000  0.640000E+001  0.472000E+001  0.313000E+001  0.379000E+001  0.893000E+001  0.269000E+001  0.500000E+001  0.100000E+001
  0.403877E+003  0.144278E+002  0.104000E+002  0.000000E+000 -0.570332E-003  0.543456E-003  0.787797E-003  0.159704E-003 -0.572515E-003  0.594373E-003  0.000000E+000  0.640000E+001  0.472000E+001  0.313000E+001  0.379000E+001  0.893000E+001  0.269000E+001  0.500000E+001  0.100000E+001
  0.403603E+003  0.145000E+002  0.105000E+002  0.000000E+000 -0.580911E-003  0.531930E-003  0.787659E-003  0.177934E-003 -0.570562E-003  0.597664E-003  0.000000E+000  0.640000E+001  0.472000E+001  0.313000E+001  0.379000E+001  0.893000E+001  0.269000E+001  0.500000E+001  0.100000E+001
  0.403332E+003  0.145726E+002  0.106000E+002  0.000000E+000 -0.591426E-003  0.519936E-003  0.787476E-003  0.196340E-003 -0.567866E-003  0.600850E-003  0.000000E+000  0.640000E+001  0.472000E+001  0.313000E+001  0.379000E+001  0.893000E+001  0.269000E+001  0.500000E+001  0.100000E+001
  0.403063E+003  0.146455E+002  0.107000E+002  0.000000E+000 -0.601845E-003  0.507479E-003  0.787244E-003  0.214886E-003 -0.564413E-003  0.603936E-003  0.000000E+000  0.640000E+001  0.472000E+001  0.313000E+001  0.379000E+001  0.893000E+001  0.269000E+001  0.500000E+001  0.100000E+001
  0.402797E+003  0.147187E+002  0.108000E+002  0.000000E+000 -0.612139E-003  0.494565E-003  0.786962E-003  0.233535E-003 -0.560202E-003  0.606931E-003  0.000000E+000  0.640000E+001  0.472000E+001  0.313000E+001  0.379000E+001  0.893000E+001  0.269000E+001  0.500000E+001  0.100000E+001
  0.402534E+003  0.147922E+002  0.109000E+002  0.000000E+000 -0.622278E-003  0.481200E-003  0.786628E-003  0.252253E-003 -0.555222E-003  0.609838E-003  0.000000E+000  0.640000E+001  0.472000E+001  0.313000E+001  0.379000E+001  0.893000E+001  0.269000E+001  0.500000E+001  0.100000E+001
  0.402274E+003  0.148661E+002  0.110000E+002  0.000000E+000 -0.632234E-003  0.467395E-003  0.786243E-003  0.271004E-003 -0.549470E-003  0.612667E-003  0.000000E+000  0.640000E+001  0.472000E+001  0.313000E+001  0.379000E+001  0.893000E+001  0.269000E+001  0.500000E+001  0.100000E+001
  0.402016E+003  0.149402E+002  0.111000E+002  0.000000E+000 -0.641982E-003  0.453158E-003  0.785807E-003  0.289755E-003 -0.542944E-003  0.615423E-003  0.000000E+000  0.640000E+001  0.472000E+001  0.313000E+001  0.379000E+001  0.893000E+001  0.269000E+001  0.500000E+001  0.100000E+001
  0.401760E+003  0.150147E+002  0.112000E+002  0.000000E+000 -0.651496E-003  0.438500E-003  0.785322E-003  0.308471E-003 -0.535643E-003  0.618116E-003  0.000000E+000  0.640000E+001  0.472000E+001  0.313000E+001  0.379000E+001  0.893000E+001  0.269000E+001  0.500000E+001  0.100000E+001
  0.401507E+003  0.150894E+002  0.113000E+002  0.000000E+000 -0.660756E-003  0.423430E-003  0.784788E-003  0.327114E-003 -0.527572E-003  0.620754E-003  0.000000E+000  0.640000E+001  0.472000E+001  0.313000E+001  0.379000E+001  0.893000E+001  0.269000E+001  0.500000E+001  0.100000E+001
  0.401257E+003  0.151644E+002  0.114000E+002  0.000000E+000 -0.669736E-003  0.407965E-003  0.784208E-003  0.345657E-003 -0.518726E-003  0.623342E-003  0.000000E+000  0.640000E+001  0.472000E+001  0.313000E+001  0.379000E+001  0.893000E+001  0.269000E+001  0.500000E+001  0.100000E+001
  0.401009E+003  0.152398E+002  0.115000E+002  0.000000E+000 -0.678416E-003  0.392114E-003  0.783583E-003  0.364065E-003 -0.509111E-003  0.625890E-003  0.000000E+000  0.640000E+001  0.472000E+001  0.313000E+001  0.379000E+001  0.893000E+001  0.269000E+001  0.500000E+001  0.100000E+001
  0.400764E+003  0.153154E+002  0.116000E+002  0.000000E+000 -0.686776E-003  0.375895E-003  0.782916E-003  0.382308E-003 -0.498729E-003  0.628403E-003  0.000000E+000  0.640000E+001  0.472000E+001  0.313000E+001  0.379000E+001  0.893000E+001  0.269000E+001  0.500000E+001  0.100000E+001
  0.400521E+003  0.153912E+002  0.117000E+002  0.000000E+000 -0.694798E-003  0.359318E-003  0.782211E-003  0.400351E-003 -0.487590E-003  0.630892E-003  0.000000E+000  0.640000E+001  0.472000E+001  0.313000E+001  0.379000E+001  0.893000E+001  0.269000E+001  0.500000E+001  0.100000E+001
  0.400280E+003  0.154674E+002  0.118000E+002  0.000000E+000 -0.702465E-003  0.342398E-003  0.781468E-003  0.418164E-003 -0.475701E-003  0.633366E-003  0.000000E+000  0.640000E+001  0.472000E+001  0.313000E+001  0.379000E+001  0.893000E+001  0.269000E+001  0.500000E+001  0.100000E+001
  0.400042E+003  0.155438E+002  0.119000E+002  0.000000E+000 -0.709759E-003  0.325152E-003  0.780693E-003  0.435719E-003 -0.463065E-003  0.635830E-003  0.000000E+000  0.640000E+001  0.472000E+001  0.313000E+001  0.379000E+001  0.893000E+001  0.269000E+001  0.500000E+001  0.100000E+001
  0.399806E+003  0.156205E+002  0.120000E+002  0.000000E+000 -0.716665E-003  0.307597E-003  0.779887E-003  0.452985E-003 -0.449693E-003  0.638294E-003  0.000000E+000  0.640000E+001  0.472000E+001  0.313000E+001  0.379000E+001  0.893000E+001  0.269000E+001  0.500000E+001  0.100000E+001
  0.399572E+003  0.156975E+002  0.121000E+002  0.000000E+000 -0.723169E-003  0.289748E-003  0.779055E-003  0.469936E-003 -0.435594E-003  0.640767E-003  0.000000E+000  0.640000E+001  0.472000E+001  0.313000E+001  0.379000E+001  0.893000E+001  0.269000E+001  0.500000E+001  0.100000E+001
  0.399341E+003  0.157747E+002  0.122000E+002  0.000000E+000 -0.729260E-003  0.271616E-003  0.778201E-003  0.486540E-003 -0.420785E-003  0.643258E-003  0.000000E+000  0.640000E+001  0.472000E+001  0.313000E+001  0.379000E+001  0.893000E+001  0.269000E+001  0.500000E+001  0.100000E+001
  0.399111E+003  0.158521E+002  0.123000E+002  0.000000E+000 -0.734924E-003  0.253228E-003  0.777327E-003  0.502776E-003 -0.405267E-003  0.645775E-003  0.000000E+000  0.640000E+001  0.472000E+001  0.313000E+001  0.379000E+001  0.893000E+001  0.269000E+001  0.500000E+001  0.100000E+001
  0.398884E+003  0.159298E+002  0.124000E+002  0.000000E+000 -0.740154E-003  0.234589E-003  0.776441E-003  0.518613E-003 -0.389066E-003  0.648330E-003  0.000000E+000  0.640000E+001  0.472000E+001  0.313000E+001  0.379000E+001  0.893000E+001  0.269000E+001  0.500000E+001  0.100000E+001
  0.398660E+003  0.160078E+002  0.125000E+002  0.000000E+000 -0.744937E-003  0.215726E-003  0.775545E-003  0.534032E-003 -0.372182E-003  0.650930E-003  0.000000E+000  0.640000E+001  0.472000E+001  0.313000E+001  0.379000E+001  0.893000E+001  0.269000E+001  0.500000E+001  0.100000E+001
  0.398437E+003  0.160860E+002  0.126000E+002  0.000000E+000 -0.749271E-003  0.196645E-003  0.774645E-003  0.549005E-003 -0.354643E-003  0.653589E-003  0.000000E+000  0.640000E+001  0.472000E+001  0.313000E+001  0.379000E+001  0.893000E+001  0.269000E+001  0.500000E+001  0.100000E+001
  0.398217E+003  0.161645E+002  0.127000E+002  0.000000E+000 -0.753143E-003  0.177372E-003  0.773748E-003  0.563515E-003 -0.336452E-003  0.656315E-003  0.000000E+000  0.640000E+001  0.472000E+001  0.313000E+001  0.379000E+001  0.893000E+001  0.269000E+001  0.500000E+001  0.100000E+001
  0.397999E+003  0.162432E+002  0.128000E+002  0.000000E+000 -0.756553E-003  0.157918E-003  0.772859E-003  0.577541E-003 -0.317630E-003  0.659123E-003  0.000000E+000  0.640000E+001  0.472000E+001  0.313000E+001  0.379000E+001  0.893000E+001  0.269000E+001  0.500000E+001  0.100000E+001
  0.397783E+003  0.163221E+002  0.129000E+002  0.000000E+000 -0.759495E-003  0.138305E-003  0.771986E-003  0.591067E-003 -0.298187E-003  0.662024E-003  0.000000E+000  0.640000E+001  0.472000E+001  0.313000E+001  0.379000E+001  0.893000E+001  0.269000E+001  0.500000E+001  0.100000E+001
  0.397569E+003  0.164012E+002  0.130000E+002  0.000000E+000 -0.761970E-003  0.118543E-003  0.771136E-003  0.604073E-003 -0.278146E-003  0.665034E-003  0.000000E+000  0.640000E+001  0.472000E+001  0.313000E+001  0.379000E+001  0.893000E+001  0.269000E+001  0.500000E+001  0.100000E+001
  0.397357E+003  0.164806E+002  0.131000E+002  0.000000E+000 -0.763978E-003  0.986462E-004  0.770320E-003  0.616549E-003 -0.257520E-003  0.668168E-003  0.000000E+000  0.640000E+001  0.472000E+001  0.313000E+001  0.379000E+001  0.893000E+001  0.269000E+001  0.500000E+001  0.100000E+001
  0.397147E+003  0.165602E+002  0.132000E+002  0.000000E+000 -0.765520E-003  0.786347E-004  0.769548E-003  0.628483E-003 -0.236322E-003  0.671446E-003  0.000000E+000  0.640000E+001  0.472000E+001  0.313000E+001  0.379000E+001  0.893000E+001  0.269000E+001  0.500000E+001  0.100000E+001
  0.396939E+003  0.166400E+002  0.133000E+002  0.000000E+000 -0.766601E-003  0.585219E-004  0.768831E-003  0.639870E-003 -0.214565E-003  0.674886E-003  0.000000E+000  0.640000E+001  0.472000E+001  0.313000E+001  0.379000E+001  0.893000E+001  0.269000E+001  0.500000E+001  0.100000E+001
  0.396733E+003  0.167200E+002  0.134000E+002  0.000000E+000 -0.767230E-003  0.383143E-004  0.768186E-003  0.650704E-003 -0.192270E-003  0.678515E-003  0.000000E+000  0.640000E+001  0.472000E+001  0.313000E+001  0.379000E+001  0.893000E+001  0.269000E+001  0.500000E+001  0.100000E+001
  0.396529E+003  0.168003E+002  0.135000E+002  0.000000E+000 -0.767417E-003  0.180286E-004  0.767629E-003  0.660988E-003 -0.169442E-003  0.682360E-003  0.000000E+000  0.640000E+001  0.472000E+001  0.313000E+001  0.379000E+001  0.893000E+001  0.269000E+001  0.500000E+001  0.100000E+001
  0.396327E+003  0.168808E+002  0.136000E+002  0.000000E+000 -0.767178E-003 -0.232638E-005  0.767182E-003  0.670731E-003 -0.146092E-003  0.686456E-003  0.000000E+000  0.640000E+001  0.472000E+001  0.313000E+001  0.379000E+001  0.893000E+001  0.269000E+001  0.500000E+001  0.100000E+001
  0.396127E+003  0.169614E+002  0.137000E+002  0.000000E+000 -0.766535E-003 -0.227506E-004  0.766873E-003  0.679946E-003 -0.122234E-003  0.690845E-003  0.000000E+000  0.640000E+001  0.472000E+001  0.313000E+001  0.379000E+001  0.893000E+001  0.269000E+001  0.500000E+001  0.100000E+001
  0.395929E+003  0.170423E+002  0.138000E+002  0.000000E+000 -0.765514E-003 -0.432284E-004  0.766733E-003  0.688664E-003 -0.978571E-004  0.695582E-003  0.000000E+000  0.640000E+001  0.472000E+001  0.313000E+001  0.379000E+001  0.893000E+001  0.269000E+001  0.500000E+001  0.100000E+001
  0.395732E+003  0.171234E+002  0.139000E+002  0.000000E+000 -0.764155E-003 -0.637748E-004  0.766812E-003  0.696924E-003 -0.729701E-004  0.700734E-003  0.000000E+000  0.640000E+001  0.472000E+001  0.313000E+001  0.379000E+001  0.893000E+001  0.269000E+001  0.500000E+001  0.100000E+001
  0.395538E+003  0.172047E+002  0.140000E+002  0.000000E+000 -0.762512E-003 -0.843927E-004  0.767168E-003  0.704794E-003 -0.475526E-004  0.706396E-003  0.000000E+000  0.640000E+001  0.472000E+001  0.313000E+001  0.379000E+001  0.893000E+001  0.269000E+001  0.500000E+001  0.100000E+001
  0.395345E+003  0.172861E+002  0.141000E+002  0.000000E+000 -0.760661E-003 -0.105095E-003  0.767886E-003  0.712375E-003 -0.215686E-004  0.712701E-003  0.000000E+000  0.640000E+001  0.472000E+001  0.313000E+001  0.379000E+001  0.893000E+001  0.269000E+001  0.500000E+001  0.100000E+001
  0.395154E+003  0.173678E+002  0.142000E+002  0.000000E+000 -0.758722E-003 -0.125932E-003  0.769102E-003  0.719827E-003  0.502446E-005  0.719844E-003  0.000000E+000  0.640000E+001  0.472000E+001  0.313000E+001  0.379000E+001  0.893000E+001  0.269000E+001  0.500000E+001  0.100000E+001
  0.394965E+003  0.174496E+002  0.143000E+002  0.000000E+000 -0.756886E-003 -0.146959E-003  0.771021E-003  0.727426E-003  0.323412E-004  0.728144E-003  0.000000E+000  0.640000E+001  0.472000E+001  0.313000E+001  0.379000E+001  0.893000E+001  0.269000E+001  0.500000E+001  0.100000E+001
  0.394778E+003  0.175317E+002  0.144000E+002  0.000000E+000 -0.755512E-003 -0.168318E-003  0.774034E-003  0.735687E-003  0.605733E-004  0.738176E-003  0.000000E+000  0.640000E+001  0.472000E+001  0.313000E+001  0.379000E+001  0.893000E+001  0.269000E+001  0.500000E+001  0.100000E+001
  0.394592E+003  0.176139E+002  0.145000E+002  0.000000E+000 -0.755403E-003 -0.190310E-003  0.779007E-003  0.745791E-003  0.901699E-004  0.751222E-003  0.000000E+000  0.640000E+001  0.472000E+001  0.313000E+001  0.379000E+001  0.893000E+001  0.269000E+001  0.500000E+001  0.100000E+001
  0.394408E+003  0.176963E+002  0.146000E+002  0.000000E+000 -0.759498E-003 -0.213996E-003  0.789070E-003  0.762067E-003  0.122695E-003  0.771881E-003  0.000000E+000  0.640000E+001  0.472000E+001  0.313000E+001  0.379000E+001  0.893000E+001  0.269000E+001  0.500000E+001  0.100000E+001
  0.394226E+003  0.177789E+002  0.147000E+002  0.000000E+000 -0.774079E-003 -0.217650E-003  0.804096E-003  0.793875E-003  0.126264E-003  0.803853E-003  0.000000E+000  0.640000E+001  0.472000E+001  0.313000E+001  0.379000E+001  0.893000E+001  0.269000E+001  0.500000E+001  0.100000E+001
  0.394046E+003  0.178617E+002  0.148000E+002  0.000000E+000 -0.766162E-003 -0.222339E-003  0.797771E-003  0.792715E-003  0.131472E-003  0.803544E-003  0.000000E+000  0.640000E+001  0.472000E+001  0.313000E+001  0.379000E+001  0.893000E+001  0.269000E+001  0.500000E+001  0.100000E+001
  0.393867E+003  0.179446E+002  0.149000E+002  0.000000E+000 -0.756796E-003 -0.231647E-003  0.791455E-003  0.789277E-003  0.143691E-003  0.802250E-003  0.000000E+000  0.640000E+001  0.472000E+001  0.313000E+001  0.379000E+001  0.893000E+001  0.269000E+001  0.500000E+001  0.100000E+001
  0.393690E+003  0.180278E+002  0.150000E+002  0.000000E+000 -0.746712E-003 -0.242798E-003  0.785194E-003  0.784609E-003  0.158856E-003  0.800529E-003  0.000000E+000  0.640000E+001  0.472000E+001  0.313000E+001  0.379000E+001  0.893000E+001  0.269000E+001  0.500000E+001  0.100000E+001
  0.393515E+003  0.181110E+002  0.151000E+002  0.000000E+000 -0.736104E-003 -0.254907E-003  0.778991E-003  0.778986E-003  0.175725E-003  0.798560E-003  0.000000E+000  0.640000E+001  0.472000E+001  0.313000E+001  0.379000E+001  0.893000E+001  0.269000E+001  0.500000E+001  0.100000E+001
  0.393341E+003  0.181945E+002  0.152000E+002  0.000000E+000 -0.725056E-003 -0.267557E-003  0.772847E-003  0.772519E-003  0.193695E-003  0.796432E-003  0.000000E+000  0.640000E+001  0.472000E+001  0.313000E+001  0.379000E+001  0.893000E+001  0.269000E+001  0.500000E+001  0.100000E+001
  0.393168E+003  0.182781E+002  0.153000E+002  0.000000E+000 -0.713610E-003 -0.280516E-003  0.766765E-003  0.765261E-003  0.212402E-003  0.794191E-003  0.000000E+000  0.640000E+001  0.472000E+001  0.313000E+001  0.379000E+001  0.893000E+001  0.269000E+001  0.500000E+001  0.100000E+001
  0.392998E+003  0.183619E+002  0.154000E+002  0.000000E+000 -0.701794E-003 -0.293616E-003  0.760740E-003  0.757242E-003  0.231620E-003  0.791874E-003  0.000000E+000  0.640000E+001  0.472000E+001  0.313000E+001  0.379000E+001  0.893000E+001  0.269000E+001  0.500000E+001  0.100000E+001
  0.392829E+003  0.184459E+002  0.155000E+002  0.000000E+000 -0.689627E-003 -0.306754E-003  0.754773E-003  0.748482E-003  0.251173E-003  0.789501E-003  0.000000E+000  0.640000E+001  0.472000E+001  0.313000E+001  0.379000E+001  0.893000E+001  0.269000E+001  0.500000E+001  0.100000E+001
  0.392661E+003  0.185300E+002  0.156000E+002  0.000000E+000 -0.677123E-003 -0.319837E-003  0.748860E-003  0.738991E-003  0.270937E-003  0.787093E-003  0.000000E+000  0.640000E+001  0.472000E+001  0.313000E+001  0.379000E+001  0.893000E+001  0.269000E+001  0.500000E+001  0.100000E+001
  0.392495E+003  0.186142E+002  0.157000E+002  0.000000E+000 -0.664297E-003 -0.332801E-003  0.742999E-003  0.728782E-003  0.290809E-003  0.784661E-003  0.000000E+000  0.640000E+001  0.472000E+001  0.313000E+001  0.379000E+001  0.893000E+001  0.269000E+001  0.500000E+001  0.100000E+001
  0.392330E+003  0.186987E+002  0.158000E+002  0.000000E+000 -0.651159E-003 -0.345603E-003  0.737191E-003  0.717864E-003  0.310697E-003  0.782215E-003  0.000000E+000  0.640000E+001  0.472000E+001  0.313000E+001  0.379000E+001  0.893000E+001  0.269000E+001  0.500000E+001  0.100000E+001
  0.392167E+003  0.187832E+002  0.159000E+002  0.000000E+000 -0.637722E-003 -0.358191E-003  0.731430E-003  0.706245E-003  0.330535E-003  0.779766E-003  0.000000E+000  0.640000E+001  0.472000E+001  0.313000E+001  0.379000E+001  0.893000E+001  0.269000E+001  0.500000E+001  0.100000E+001
  0.392005E+003  0.188680E+002  0.160000E+002  0.000000E+000 -0.623997E-003 -0.370529E-003  0.725716E-003  0.693934E-003  0.350257E-003  0.777319E-003  0.000000E+000  0.640000E+001  0.472000E+001  0.313000E+001  0.379000E+001  0.893000E+001  0.269000E+001  0.500000E+001  0.100000E+001
  0.391845E+003  0.189528E+002  0.161000E+002  0.000000E+000 -0.609994E-003 -0.382595E-003  0.720050E-003  0.680944E-003  0.369801E-003  0.774879E-003  0.000000E+000  0.640000E+001  0.472000E+001  0.313000E+001  0.379000E+001  0.893000E+001  0.269000E+001  0.500000E+001  0.100000E+001
  0.391686E+003  0.190379E+002  0.162000E+002  0.000000E+000 -0.595726E-003 -0.394354E-003  0.714426E-003  0.667283E-003  0.389122E-003  0.772452E-003  0.000000E+000  0.640000E+001  0.472000E+001  0.313000E+001  0.379000E+001  0.893000E+001  0.269000E+001  0.500000E+001  0.100000E+001
  0.391529E+003  0.191230E+002  0.163000E+002  0.000000E+000 -0.581207E-003 -0.405772E-003  0.708839E-003  0.652962E-003  0.408180E-003  0.770046E-003  0.000000E+000  0.640000E+001  0.472000E+001  0.313000E+001  0.379000E+001  0.893000E+001  0.269000E+001  0.500000E+001  0.100000E+001
  0.391373E+003  0.192083E+002  0.164000E+002  0.000000E+000 -0.566446E-003 -0.416849E-003  0.703295E-003  0.637997E-003  0.426917E-003  0.767658E-003  0.000000E+000  0.640000E+001  0.472000E+001  0.313000E+001  0.379000E+001  0.893000E+001  0.269000E+001  0.500000E+001  0.100000E+001
  0.391218E+003  0.192938E+002  0.165000E+002  0.000000E+000 -0.551455E-003 -0.427568E-003  0.697794E-003  0.622400E-003  0.445296E-003  0.765291E-003  0.000000E+000  0.640000E+001  0.472000E+001  0.313000E+001  0.379000E+001  0.893000E+001  0.269000E+001  0.500000E+001  0.100000E+001
  0.391065E+003  0.193794E+002  0.166000E+002  0.000000E+000 -0.536251E-003 -0.437892E-003  0.692325E-003  0.606185E-003  0.463290E-003  0.762954E-003  0.000000E+000  0.640000E+001  0.472000E+001  0.313000E+001  0.379000E+001  0.893000E+001  0.269000E+001  0.500000E+001  0.100000E+001
  0.390913E+003  0.194651E+002  0.167000E+002  0.000000E+000 -0.520845E-003 -0.447817E-003  0.686891E-003  0.589368E-003  0.480860E-003  0.760645E-003  0.000000E+000  0.640000E+001  0.472000E+001  0.313000E+001  0.379000E+001  0.893000E+001  0.269000E+001  0.500000E+001  0.100000E+001
  0.390763E+003  0.195510E+002  0.168000E+002  0.000000E+000 -0.505251E-003 -0.457331E-003  0.681491E-003  0.571965E-003  0.497972E-003  0.758367E-003  0.000000E+000  0.640000E+001  0.472000E+001  0.313000E+001  0.379000E+001  0.893000E+001  0.269000E+001  0.500000E+001  0.100000E+001
  0.390613E+003  0.196370E+002  0.169000E+002  0.000000E+000 -0.489479E-003 -0.466434E-003  0.676129E-003  0.553996E-003  0.514588E-003  0.756117E-003  0.000000E+000  0.640000E+001  0.472000E+001  0.313000E+001  0.379000E+001  0.893000E+001  0.269000E+001  0.500000E+001  0.100000E+001
  0.390466E+003  0.197231E+002  0.170000E+002  0.000000E+000 -0.473550E-003 -0.475094E-003  0.670794E-003  0.535476E-003  0.530694E-003  0.753904E-003  0.000000E+000  0.640000E+001  0.472000E+001  0.313000E+001  0.379000E+001  0.893000E+001  0.269000E+001  0.500000E+001  0.100000E+001
  0.390319E+003  0.198093E+002  0.171000E+002  0.000000E+000 -0.457471E-003 -0.483325E-003  0.665494E-003  0.516429E-003  0.546248E-003  0.751722E-003  0.000000E+000  0.640000E+001  0.472000E+001  0.313000E+001  0.379000E+001  0.893000E+001  0.269000E+001  0.500000E+001  0.100000E+001
  0.390174E+003  0.198957E+002  0.172000E+002  0.000000E+000 -0.441262E-003 -0.491098E-003  0.660219E-003  0.496869E-003  0.561238E-003  0.749578E-003  0.000000E+000  0.640000E+001  0.472000E+001  0.313000E+001  0.379000E+001  0.893000E+001  0.269000E+001  0.500000E+001  0.100000E+001
  0.390029E+003  0.199822E+002  0.173000E+002  0.000000E+000 -0.424935E-003 -0.498416E-003  0.654972E-003  0.476821E-003  0.575633E-003  0.747470E-003  0.000000E+000  0.640000E+001  0.472000E+001  0.313000E+001  0.379000E+001  0.893000E+001  0.269000E+001  0.500000E+001  0.100000E+001
  0.389887E+003  0.200689E+002  0.174000E+002  0.000000E+000 -0.408504E-003 -0.505275E-003  0.649753E-003  0.456306E-003  0.589409E-003  0.745398E-003  0.000000E+000  0.640000E+001  0.472000E+001  0.313000E+001  0.379000E+001  0.893000E+001  0.269000E+001  0.500000E+001  0.100000E+001
  0.389745E+003  0.201556E+002  0.175000E+002  0.000000E+000 -0.391985E-003 -0.511670E-003  0.644561E-003  0.435347E-003  0.602547E-003  0.743363E-003  0.000000E+000  0.640000E+001  0.472000E+001  0.313000E+001  0.379000E+001  0.893000E+001  0.269000E+001  0.500000E+001  0.100000E+001
  0.389604E+003  0.202425E+002  0.176000E+002  0.000000E+000 -0.375391E-003 -0.517598E-003  0.639395E-003  0.413966E-003  0.615024E-003  0.741365E-003  0.000000E+000  0.640000E+001  0.472000E+001  0.313000E+001  0.379000E+001  0.893000E+001  0.269000E+001  0.500000E+001  0.100000E+001
  0.389465E+003  0.203295E+002  0.177000E+002  0.000000E+000 -0.358737E-003 -0.523055E-003  0.634254E-003  0.392188E-003  0.626823E-003  0.739405E-003  0.000000E+000  0.640000E+001  0.472000E+001  0.313000E+001  0.379000E+001  0.893000E+001  0.269000E+001  0.500000E+001  0.100000E+001
  0.389327E+003  0.204167E+002  0.178000E+002  0.000000E+000 -0.342038E-003 -0.528040E-003  0.629139E-003  0.370038E-003  0.637926E-003  0.737481E-003  0.000000E+000  0.640000E+001  0.472000E+001  0.313000E+001  0.379000E+001  0.893000E+001  0.269000E+001  0.500000E+001  0.100000E+001
  0.389190E+003  0.205039E+002  0.179000E+002  0.000000E+000 -0.325313E-003 -0.532540E-003  0.624041E-003  0.347537E-003  0.648323E-003  0.735599E-003  0.000000E+000  0.640000E+001  0.472000E+001  0.313000E+001  0.379000E+001  0.893000E+001  0.269000E+001  0.500000E+001  0.100000E+001
  0.389055E+003  0.205913E+002  0.180000E+002  0.000000E+000 -0.308572E-003 -0.536565E-003  0.618966E-003  0.324714E-003  0.657993E-003  0.733753E-003  0.000000E+000  0.640000E+001  0.472000E+001  0.313000E+001  0.379000E+001  0.893000E+001  0.269000E+001  0.500000E+001  0.100000E+001
  0.388920E+003  0.206787E+002  0.181000E+002  0.000000E+000 -0.291831E-003 -0.540117E-003  0.613915E-003  0.301594E-003  0.666921E-003  0.731945E-003  0.000000E+000  0.640000E+001  0.472000E+001  0.313000E+001  0.379000E+001  0.893000E+001  0.269000E+001  0.500000E+001  0.100000E+001
  0.388787E+003  0.207663E+002  0.182000E+002  0.000000E+000 -0.275102E-003 -0.543195E-003  0.608886E-003  0.278205E-003  0.675096E-003  0.730173E-003  0.000000E+000  0.640000E+001  0.472000E+001  0.313000E+001  0.379000E+001  0.893000E+001  0.269000E+001  0.500000E+001  0.100000E+001
  0.388654E+003  0.208540E+002  0.183000E+002  0.000000E+000 -0.258401E-003 -0.545801E-003  0.603879E-003  0.254573E-003  0.682505E-003  0.728437E-003  0.000000E+000  0.640000E+001  0.472000E+001  0.313000E+001  0.379000E+001  0.893000E+001  0.269000E+001  0.500000E+001  0.100000E+001
  0.388523E+003  0.209418E+002  0.184000E+002  0.000000E+000 -0.241748E-003 -0.547926E-003  0.598886E-003  0.230722E-003  0.689145E-003  0.726742E-003  0.000000E+000  0.640000E+001  0.472000E+001  0.313000E+001  0.379000E+001  0.893000E+001  0.269000E+001  0.500000E+001  0.100000E+001
  0.388393E+003  0.210297E+002  0.185000E+002  0.000000E+000 -0.225150E-003 -0.549583E-003  0.593915E-003  0.206683E-003  0.695001E-003  0.725082E-003  0.000000E+000  0.640000E+001  0.472000E+001  0.313000E+001  0.379000E+001  0.893000E+001  0.269000E+001  0.500000E+001  0.100000E+001
  0.388264E+003  0.211178E+002  0.186000E+002  0.000000E+000 -0.208629E-003 -0.550766E-003  0.588956E-003  0.182480E-003  0.700070E-003  0.723462E-003  0.000000E+000  0.640000E+001  0.472000E+001  0.313000E+001  0.379000E+001  0.893000E+001  0.269000E+001  0.500000E+001  0.100000E+001
  0.388136E+003  0.212059E+002  0.187000E+002  0.000000E+000 -0.192185E-003 -0.551499E-003  0.584026E-003  0.158147E-003  0.704335E-003  0.721871E-003  0.000000E+000  0.640000E+001  0.472000E+001  0.313000E+001  0.379000E+001  0.893000E+001  0.269000E+001  0.500000E+001  0.100000E+001
  0.388009E+003  0.212941E+002  0.188000E+002  0.000000E+000 -0.175844E-003 -0.551765E-003  0.579108E-003  0.133706E-003  0.707801E-003  0.720319E-003  0.000000E+000  0.640000E+001  0.472000E+001  0.313000E+001  0.379000E+001  0.893000E+001  0.269000E+001  0.500000E+001  0.100000E+001
  0.387883E+003  0.213825E+002  0.189000E+002  0.000000E+000 -0.159615E-003 -0.551579E-003  0.574209E-003  0.109189E-003  0.710458E-003  0.718800E-003  0.000000E+000  0.640000E+001  0.472000E+001  0.313000E+001  0.379000E+001  0.893000E+001  0.269000E+001  0.500000E+001  0.100000E+001
  0.387759E+003  0.214709E+002  0.190000E+002  0.000000E+000 -0.143515E-003 -0.550937E-003  0.569323E-003  0.846209E-004  0.712309E-003  0.717318E-003  0.000000E+000  0.640000E+001  0.472000E+001  0.313000E+001  0.379000E+001  0.893000E+001  0.269000E+001  0.500000E+001  0.100000E+001
  0.387635E+003  0.215595E+002  0.191000E+002  0.000000E+000 -0.127553E-003 -0.549854E-003  0.564455E-003  0.600328E-004  0.713347E-003  0.715869E-003  0.000000E+000  0.640000E+001  0.472000E+001  0.313000E+001  0.379000E+001  0.893000E+001  0.269000E+001  0.500000E+001  0.100000E+001
  0.387512E+003  0.216481E+002  0.192000E+002  0.000000E+000 -0.111740E-003 -0.548337E-003  0.559607E-003  0.354533E-004  0.713570E-003  0.714450E-003  0.000000E+000  0.640000E+001  0.472000E+001  0.313000E+001  0.379000E+001  0.893000E+001  0.269000E+001  0.500000E+001  0.100000E+001
  0.387390E+003  0.217368E+002  0.193000E+002  0.000000E+000 -0.960953E-004 -0.546382E-003  0.554768E-003  0.109071E-004  0.712983E-003  0.713067E-003  0.000000E+000  0.640000E+001  0.472000E+001  0.313000E+001  0.379000E+001  0.893000E+001  0.269000E+001  0.500000E+001  0.100000E+001
  0.387269E+003  0.218257E+002  0.194000E+002  0.000000E+000 -0.806244E-004 -0.544007E-003  0.549949E-003 -0.135738E-004  0.711584E-003  0.711713E-003  0.000000E+000  0.640000E+001  0.472000E+001  0.313000E+001  0.379000E+001  0.893000E+001  0.269000E+001  0.500000E+001  0.100000E+001
  0.387150E+003  0.219146E+002  0.195000E+002  0.000000E+000 -0.653466E-004 -0.541209E-003  0.545140E-003 -0.379652E-004  0.709378E-003  0.710394E-003  0.000000E+000  0.640000E+001  0.472000E+001  0.313000E+001  0.379000E+001  0.893000E+001  0.269000E+001  0.500000E+001  0.100000E+001
  0.387031E+003  0.220036E+002  0.196000E+002  0.000000E+000 -0.502658E-004 -0.538006E-003  0.540349E-003 -0.622352E-004  0.706366E-003  0.709102E-003  0.000000E+000  0.640000E+001  0.472000E+001  0.313000E+001  0.379000E+001  0.893000E+001  0.269000E+001  0.500000E+001  0.100000E+001
  0.386913E+003  0.220928E+002  0.197000E+002  0.000000E+000 -0.353929E-004 -0.534406E-003  0.535576E-003 -0.863561E-004  0.702550E-003  0.707838E-003  0.000000E+000  0.640000E+001  0.472000E+001  0.313000E+001  0.379000E+001  0.893000E+001  0.269000E+001  0.500000E+001  0.100000E+001
  0.386796E+003  0.221820E+002  0.198000E+002  0.000000E+000 -0.207466E-004 -0.530407E-003  0.530813E-003 -0.110304E-003  0.697943E-003  0.706605E-003  0.000000E+000  0.640000E+001  0.472000E+001  0.313000E+001  0.379000E+001  0.893000E+001  0.269000E+001  0.500000E+001  0.100000E+001
  0.386680E+003  0.222713E+002  0.199000E+002  0.000000E+000 -0.632940E-005 -0.526030E-003  0.526068E-003 -0.134049E-003  0.692545E-003  0.705399E-003  0.000000E+000  0.640000E+001  0.472000E+001  0.313000E+001  0.379000E+001  0.893000E+001  0.269000E+001  0.500000E+001  0.100000E+001
